7841938	2991	36873	0.0082461431	24.6559679037	8.0779173841	0.4829650599	0.4720701371	+-	0.0015932635	0.4859650599	0.4721816422
11714337	2991	24240	0.0054209451	16.2086258776	8.8975838077	0.4281273098	0.4449799783	+-	0.0019029642	0.4311273098	0.4452333933
3966491	2976	48967	0.0110614891	32.9079301075	9.6979821509	0.5233640708	0.5628652223	+-	0.0018749296	0.5321418486	0.5639540178
8129631	2991	60020	0.0134226537	40.1337345369	8.0780113979	0.5541166554	0.5609715444	+-	0.002154464	0.5571166554	0.5610096414
6287172	2997	65048	0.0144888992	43.4087420754	7.8441982718	0.5838434164	0.5717845501	+-	0.0013139993	0.5848434164	0.5717849289
5196864	2925	45702	0.0106871514	31.2492307692	8.3705447082	0.5037397313	0.4914666422	+-	0.0017734537	0.5331619536	0.5444489356
9481674	2997	131679	0.0293303985	87.8738738739	3.9242250512	0.2289192143	0.7458979722	+-	0.0019367308	0.7801543834	0.7578963985
9552668	2964	113791	0.0259136184	76.7820512821	7.5918182607	0.6425675455	0.6512650703	+-	0.0008768479	0.6600151645	0.6520577056
7091476	2988	186272	0.0417408951	124.680053548	7.2059341083	0.6591677918	0.6544587376	+-	0.0011667379	0.6631677918	0.6544675972
8059303	2994	51095	0.0114038077	34.1315965264	7.8855157835	0.5390668252	0.514154063	+-	0.0014003618	0.5410668252	0.5141684177
8360184	2991	29304	0.0065534396	19.5947843531	8.620592255	0.4365826253	0.442470888	+-	0.0017187356	0.4405826253	0.4426530761
8523194	2985	160839	0.0361142172	107.764824121	7.3869666963	0.6564132023	0.633049792	+-	0.0012282964	0.6614132023	0.6330748706
6880727	2994	142725	0.0318545544	95.3406813627	7.0018963936	0.6169396312	0.6102324171	+-	0.0010433852	0.6189396312	0.6102339105
7348206	2994	225771	0.0503894525	150.815631263	7.1719015185	0.6967552616	0.6940887282	+-	0.0007579727	0.6987552616	0.6940892205
7523960	2994	144815	0.032321018	96.7368069472	7.4829618165	0.646351941	0.6529370504	+-	0.001374437	0.6530186077	0.6529386693
11751847	2994	53521	0.0119452626	35.7521710087	8.038294017	0.5578642728	0.5570029228	+-	0.0012364183	0.5598642728	0.5570140178
8367007	2994	33847	0.0075542554	22.6098864395	8.7524685198	0.4825133856	0.4820282828	+-	0.001635196	0.4990422652	0.5007956347
3962715	2982	37290	0.0083898223	25.0100603622	8.2492358801	0.4804020378	0.476510686	+-	0.0014964554	0.4864020378	0.4775187432
10123627	2994	182546	0.0407421369	121.941215765	7.5310236534	0.6431320465	0.6462189333	+-	0.0010520451	0.649287602	0.6462187318
5872696	2997	122306	0.0272426409	81.6189522856	7.6261104076	0.5977926091	0.5987036426	+-	0.0013633423	0.6014592758	0.598703697
9948201	2994	78606	0.0175439419	52.5090180361	7.6701258099	0.6042172923	0.6165272348	+-	0.0012730617	0.6089395146	0.616532111
12059158	2991	79541	0.0177882589	53.1868940154	8.1096237078	0.637204948	0.6389667372	+-	0.0014416483	0.640204948	0.6389849294
8878719	2994	49297	0.0110025151	32.9305277221	7.8419241124	0.5519048189	0.5384244721	+-	0.0013093104	0.5539048189	0.5384396019
9784371	2952	196574	0.0451305377	133.180216802	7.2724665062	0.6504193422	0.6619626715	+-	0.0010925988	0.681078385	0.6625894605
9909497	2982	90486	0.0203583122	60.6881287726	7.6951753817	0.5854596953	0.5739036853	+-	0.0012380426	0.592237473	0.5740636603
9848190	2925	130918	0.0306144259	89.5165811966	8.2929345434	0.6886460169	0.7095021947	+-	0.0011755864	0.7195793502	0.7141991253
9364192	2994	90127	0.0201152946	60.2050768203	7.671010829	0.548904783	0.5455174595	+-	0.0015237527	0.552904783	0.5455215508
4927495	2997	159547	0.035537763	106.471137804	7.2563724589	0.6139420501	0.6109892813	+-	0.0012747747	0.6160531612	0.6109884944
6794131	2979	61713	0.0139127012	41.4320241692	9.8567545618	0.6049208054	0.6519283063	+-	0.0015855025	0.6176430276	0.6522879415
8264534	2979	159415	0.035938834	107.0258476	7.1552003507	0.6614120435	0.6565997891	+-	0.0013814809	0.6684120435	0.6566755195
10351735	2985	8280	0.0018591618	5.5477386935	11.4154584782	0.3979623953	0.4439451637	+-	0.005872378	0.4059623953	0.4441634019
6593575	2994	85649	0.0191158573	57.213760855	4.398505238	0.1078279994	0.7135409674	+-	0.0051516284	0.7171803965	0.6995813446
5564600	2994	40401	0.0090170317	26.9879759519	8.3022629906	0.4989487225	0.4908541234	+-	0.0016069031	0.5009487225	0.490874955
2584908	2979	34173	0.0077040289	22.9425981873	8.4634343465	0.5357838553	0.5358956088	+-	0.0017975162	0.5427838553	0.5380545096
4936334	2601	127915	0.0378301245	98.3583237216	8.502973037	0.5189048453	0.6331169644	+-	0.0027577483	0.6519048453	0.9704846437
11875706	2994	155108	0.0346182955	103.61255845	7.4448250972	0.6408912819	0.6481156417	+-	0.0008555313	0.6428912819	0.648116702
10028352	2949	121260	0.0278962167	82.2380467955	7.5063405974	0.591250416	0.5784227501	+-	0.0012158935	0.6160488287	0.5808005624
10481912	2991	252004	0.0563572546	168.50819124	7.1595216297	0.7052245604	0.7109895021	+-	0.0005118407	0.7082245604	0.7109910953
10032392	2994	118500	0.0264478171	79.1583166333	7.2848535226	0.5993930435	0.5894959922	+-	0.0011411477	0.6013930435	0.5894982794
7222086	2955	18750	0.0042959903	12.6903553299	8.8807147028	0.4215448947	0.4347474689	+-	0.0019823778	0.4365448947	0.510003847
8231231	1608	11428	0.0088450096	14.2139303483	9.0256292236	0.5317736117	0.527150911	+-	0.0026927919	0.5410157559	0.5306407137
10285770	2997	98800	0.0220068756	65.9325992659	7.4355271974	0.5570577641	0.534261669	+-	0.0013330165	0.5590577641	0.534261347
11572643	2994	84451	0.0188484777	56.413493654	7.324309069	0.5931309857	0.5978467751	+-	0.0014272101	0.5951309857	0.5978510281
10291683	2967	111106	0.0252510136	74.8945062353	7.8069146587	0.6294395619	0.6460740762	+-	0.0009215958	0.6463951175	0.6467027108
3545476	2994	32757	0.0073109801	21.8817635271	8.2940331594	0.5250765345	0.5108089425	+-	0.0017763082	0.5270765345	0.5108443502
9536053	2991	163514	0.036567674	109.337345369	7.3522590527	0.6253733344	0.6282281842	+-	0.0009480548	0.6293733344	0.6282325465
7060330	2931	26487	0.0061684966	18.0736949846	9.9962634224	0.6034314955	0.712203127	+-	0.0090614591	0.6289611732	0.7123978752
6766325	2991	207448	0.0463929134	138.7148111	7.5238414491	0.6786204921	0.6928189324	+-	0.0007564773	0.6816204921	0.6928213132
6462057	2991	83293	0.0186273425	55.6957539285	7.5819157378	0.5885113605	0.5855608173	+-	0.0014451472	0.5915113605	0.5855799406
5166136	2994	36961	0.0082492639	24.6900467602	8.9129556186	0.5123980093	0.5220815346	+-	0.0015754807	0.5190091204	0.5221016961
8386865	2982	124545	0.0280211966	83.5311871227	7.3509665784	0.6044018856	0.6037620936	+-	0.0009002702	0.6104018856	0.6038440888
5389616	2991	56060	0.0125370537	37.4857907054	8.0931421314	0.5536062193	0.5572047729	+-	0.001664245	0.5566062193	0.5572451937
5891265	2991	21772	0.0048690106	14.5583416917	11.358875048	0.4655138956	0.4658375072	+-	0.0019782187	0.4955261787	0.4671068809
6265720	2994	171148	0.0381982363	114.327321309	7.2736564021	0.6239071771	0.6278598963	+-	0.0011581928	0.6269071771	0.6278609193
9544350	2967	136407	0.0310011611	91.9494438827	7.4280298223	0.6048050746	0.6025300765	+-	0.0010529627	0.622749519	0.6029809327
3443519	2994	94118	0.0210060393	62.8710754843	7.076677126	0.5785281162	0.5753146665	+-	0.0010446594	0.5805281162	0.5753182777
11135978	2994	50906	0.0113616251	34.0053440214	8.1639062154	0.5295952967	0.5330479918	+-	0.0014603944	0.5315952967	0.5330595264
6446219	2991	103046	0.0230448313	68.9040454697	7.4494273681	0.5785118473	0.5770440946	+-	0.0016345266	0.5815118473	0.5770570207
9821923	2994	92999	0.0207562915	62.1235804943	7.1990667915	0.5837508388	0.5792038954	+-	0.0015992362	0.5870286166	0.5792071368
2162283	2985	38005	0.0085335076	25.4639865997	8.422007731	0.5180979025	0.5311761949	+-	0.0014224626	0.5230979025	0.531636394
9898401	2997	156771	0.0349194321	104.618618619	7.4254093585	0.619379759	0.622123208	+-	0.0010193825	0.6227130923	0.6221226971
7533807	2994	101960	0.0227562821	68.1095524382	8.0293363712	0.6509357623	0.6585206776	+-	0.0017764171	0.6581579845	0.6585236463
7773380	2994	130586	0.0291452713	87.2317969272	7.4201122854	0.6049157281	0.6129207966	+-	0.0012434746	0.6094712837	0.6129226997
6144827	2994	106679	0.0238095079	71.2618570474	8.2023739036	0.6490207469	0.6689655635	+-	0.0012003639	0.6607985246	0.6689676261
8647972	2976	17275	0.0039023674	11.6095430108	9.0035694444	0.4076584331	0.4252619338	+-	0.0019861229	0.4156584331	0.4381973643
9480977	2985	104660	0.0234999843	70.1239530988	7.6424878733	0.6373637073	0.6310166428	+-	0.0012904516	0.6423637073	0.6310777959
8481574	2994	111540	0.0248944263	74.5090180361	14.1483650024	0.7532250018	0.7546750696	+-	0.0021383804	0.7583361129	0.7546768042
10288502	2994	183097	0.0408651137	122.309285237	7.7771780485	0.6510176517	0.6617806952	+-	0.0010124684	0.6693668581	0.6617831543
9512958	2964	18271	0.0041608539	12.3286099865	10.0693998345	0.4222335949	0.4484479718	+-	0.0023302843	0.4385002615	0.4846974303
5880661	2994	57595	0.0128545319	38.4736138945	7.8499034097	0.5489306116	0.5508071885	+-	0.0013698411	0.5509306116	0.5508170945
7767774	2997	85969	0.0191488774	57.3700367034	6.922048761	0.5567554802	0.5505877663	+-	0.0013392448	0.5593110358	0.5505878897
5810113	2991	45839	0.0102512666	30.6512871949	8.5260740531	0.4674477311	0.5498634941	+-	0.0030191536	0.4674477311	0.54986318
10417135	2988	14843	0.0033261043	9.9350736278	9.9617277611	0.4218744538	0.4296322661	+-	0.0020779322	0.4268744538	0.4316619827
12166770	2985	10448	0.0023459568	7.0003350084	9.8429905372	0.3956732599	0.4367323982	+-	0.0046058598	0.3981177043	0.436714743
7529123	2994	215762	0.0481555605	144.129592518	7.4213812561	0.6742523643	0.6793039797	+-	0.0007321201	0.6762523643	0.6793045332
10855535	2997	190671	0.0424703742	127.241241241	7.240217089	0.6564055168	0.6653894138	+-	0.000867424	0.6660166279	0.6653892449
5008287	2994	103981	0.0232073458	69.4595858383	7.474026925	0.585949359	0.5889040504	+-	0.001290645	0.5914160256	0.5889064554
8164262	2988	60641	0.0135887821	40.5896921017	8.0338356456	0.5316580903	0.5087356914	+-	0.001331195	0.5356580903	0.5088390877
8630081	2985	37817	0.0084912947	25.3380234506	8.1573274758	0.4901125906	0.4876935639	+-	0.0016414476	0.4951125906	0.4882833585
7953796	2994	45962	0.010258182	30.702738811	8.7257087091	0.5958729949	0.6137498712	+-	0.0017197711	0.5978729949	0.6137635254
7700181	2994	109723	0.0244888931	73.295257181	7.3230332603	0.5973069681	0.5868869239	+-	0.0011415932	0.5993069681	0.5868895717
7941050	2994	224418	0.0500874787	149.911823647	7.3751275294	0.682547906	0.6969847693	+-	0.0007908308	0.6895145726	0.696985057
8021752	2976	14941	0.0033751242	10.0409946237	9.8693326285	0.4045841804	0.6432768247	+-	0.0148996323	0.4070730693	0.6432010985
1868650	2991	176969	0.0395767011	118.334336342	7.5317619139	0.6550356124	0.6548103582	+-	0.0010024515	0.6580356124	0.6548139866
9760531	2994	270853	0.0604512288	180.930527722	7.7291809584	0.7259110042	0.7427889652	+-	0.0004200226	0.728688782	0.7427892025
12055421	2994	149163	0.0332914409	99.6412825651	7.2136005387	0.6206400726	0.6174849726	+-	0.0010870289	0.6226400726	0.6174861335
5783676	2994	195255	0.0435786374	130.430861723	7.2992659628	0.6568450126	0.6662907589	+-	0.0007922909	0.6598450126	0.6662914735
11825204	2997	105394	0.0234756341	70.3329996663	7.6473300585	0.5898119747	0.57358344	+-	0.0010395558	0.5908119747	0.5735834557
6293266	2985	43151	0.0096889721	28.9118927973	8.3027155581	0.5177693372	0.4871471415	+-	0.0016807535	0.5227693372	0.4876007727
11722816	2994	98742	0.0220380621	65.9599198397	7.7091822382	0.6127959399	0.6127249416	+-	0.0015720123	0.6147959399	0.612727744
10155563	2994	112922	0.0252028726	75.4321977288	7.3688150849	0.620483023	0.6192090025	+-	0.001358094	0.623483023	0.6192114585
8149616	2949	26222	0.0060324476	17.7836554764	9.7786318235	0.4588500234	0.5048261343	+-	0.0021420681	0.479305579	0.5469025465
9288175	2994	160412	0.0358020864	107.155644623	7.4648729511	0.6200484146	0.621522666	+-	0.0012224822	0.6330420654	0.621523843
6366617	2997	39807	0.0088666771	26.5645645646	7.7307591628	0.481448435	0.4893335218	+-	0.0018334155	0.4842262128	0.489335155
8758716	2997	169533	0.0377620611	113.135135135	7.2506813106	0.6539821207	0.6860880314	+-	0.0009870736	0.6655710096	0.6860873138
7380743	2994	115689	0.0258204347	77.2805611222	7.3310577059	0.634269561	0.6322810179	+-	0.0015339489	0.637269561	0.6322832514
3439831	2994	46896	0.0104666399	31.3266533066	7.1620685285	0.5130774582	0.518446419	+-	0.0017460897	0.5176330138	0.5184779708
9702641	2991	167796	0.0375252849	112.200601805	7.1924180088	0.6290976831	0.6252650664	+-	0.0013314774	0.6320976831	0.6252694058
10619506	1614	15631	0.0120082262	19.3692688971	8.5067913993	0.5486813536	0.549864038	+-	0.001961871	0.5542266401	0.5501947381
4945588	2982	196556	0.0442228457	131.828303152	7.203158442	0.6538853807	0.6522715726	+-	0.0007926595	0.6598853807	0.6523010812
7117153	2994	156627	0.0349573186	104.627254509	7.2022918586	0.628499788	0.6240850389	+-	0.0010831926	0.631499788	0.6240863011
12121738	2985	10268	0.0023055402	6.8797319933	10.6360079448	0.4049155149	0.4569185336	+-	0.0052783989	0.409726626	0.4570751363
10600319	2994	62071	0.0138535228	41.4635938544	8.141495807	0.5648734369	0.5664853349	+-	0.00119025	0.5683734369	0.5664955803
9470054	2988	11865	0.0026587771	7.9417670683	10.5867055266	0.4110604235	0.430686617	+-	0.0023818474	0.4175604235	0.4339431948
8045121	2994	82004	0.0183023358	54.7788911156	7.8107188894	0.5418019971	0.5238086372	+-	0.0013648565	0.5467813622	0.5238164823
7936219	2997	128654	0.028656605	85.8551885219	4.5561359953	0.2747632724	0.6409559961	+-	0.0020893534	0.7053412401	0.6748501391
6699679	2997	85667	0.0190816094	57.1685018352	7.6107649184	0.5881296689	0.588359853	+-	0.0010835842	0.5891296689	0.5883598633
7680593	2994	133722	0.0298451899	89.3266533066	7.4797847894	0.6268545555	0.6227191071	+-	0.0014029836	0.6344101111	0.6227201558
8956957	2994	137607	0.0307122765	91.9218436874	7.8202398434	0.6161037593	0.6172896241	+-	0.0014310864	0.6191037593	0.6172911935
8386198	2961	90213	0.0205858594	60.9341438703	7.6337730157	0.5878879792	0.6029746103	+-	0.0012807793	0.6148435347	0.604671292
10274218	2973	233667	0.0528912297	157.192734612	7.2629537789	0.6770122016	0.6781789081	+-	0.0008444041	0.6860122016	0.6782533837
7691553	2994	86301	0.0192613761	57.6492985972	7.5228316984	0.6172448535	0.6016775168	+-	0.0013007188	0.6192448535	0.6016817926
6844489	2985	205998	0.0462540585	138.022110553	7.290870271	0.6600932053	0.6610257644	+-	0.0010924474	0.6650932053	0.6610410168
7020182	2988	32113	0.0071960647	21.4946452477	9.8091018387	0.5347945159	0.5686883315	+-	0.0031305321	0.5387945159	0.5689792615
5879187	2997	13313	0.0029653597	8.8842175509	9.6528321132	0.420744044	0.4495263179	+-	0.0034251819	0.4231884885	0.4495450705
7546791	2994	51421	0.0114765671	34.3493653975	7.6416616806	0.5645052413	0.5774193455	+-	0.0017533717	0.5690607968	0.5774304233
7060333	2964	93650	0.0213269095	63.1916329285	7.5284898887	0.6114456095	0.6177565639	+-	0.0014844405	0.6295789428	0.6189824786
4725292	2967	63911	0.0145250259	43.0812268284	7.719451844	0.5943904666	0.6031263617	+-	0.0019177362	0.6053904666	0.6050945919
9239684	2994	93315	0.020826819	62.3346693387	7.7744052529	0.568780202	0.5645946399	+-	0.001512931	0.5744468687	0.5646018103
9178425	2991	50789	0.0113582665	33.9612169843	8.0923850792	0.5851808887	0.5788195081	+-	0.0015833894	0.5881808887	0.5788729628
7755741	2973	9250	0.0020937654	6.222670703	10.5421037354	0.3882713799	0.4841100225	+-	0.0135491089	0.3959602688	0.4841270941
7368451	2994	74733	0.0166795335	49.9218436874	7.5411854057	0.5608894638	0.55166469	+-	0.0010864426	0.5628894638	0.551670524
8183850	2994	115393	0.025754371	77.0828323313	7.6514593298	0.6515841457	0.6319758833	+-	0.00165665	0.6535841457	0.6319780233
11336707	2994	69475	0.0155060092	46.4094856379	7.9151266853	0.6030326918	0.6369217152	+-	0.001647797	0.6074771363	0.6369259792
6286402	2997	65266	0.0145374569	43.5542208876	7.0201038567	0.4281623213	0.64676962	+-	0.0016377948	0.66195765	0.6642799167
7884842	2979	163507	0.0368613426	109.773078214	9.6133002655	0.740267694	0.7423424711	+-	0.0006699362	0.747267694	0.7423968362
9772642	2994	217794	0.0486090792	145.486973948	7.5859673371	0.6678744199	0.6886716112	+-	0.0008265132	0.684517277	0.68867149
4570326	2985	50402	0.0113170859	33.7701842546	7.9566790438	0.5118364259	0.4953547092	+-	0.0016116464	0.5168364259	0.4957028863
2971095	2967	41984	0.0095416859	28.3006403775	7.8621799308	0.4683966441	0.458449132	+-	0.0014565684	0.4793966441	0.4642648109
3529497	2970	101876	0.0231065568	68.6033670034	8.2156728631	0.630915685	0.6365252804	+-	0.0016746121	0.6435267961	0.6370721842
10135584	2994	222906	0.0497500179	148.901803607	7.284527989	0.6878880105	0.7039009508	+-	0.0007295433	0.6908880105	0.7039014212
10030943	2994	178017	0.039731317	118.915831663	7.4812212199	0.6340655496	0.6511045732	+-	0.0010637639	0.6508211052	0.6511065445
6067735	2991	209253	0.046796577	139.921765296	7.3610666815	0.6898738251	0.6882369207	+-	0.0008404993	0.6928738251	0.688239328
7878396	2997	20230	0.0045060637	13.5001668335	8.4726810032	0.4467871798	0.4667093743	+-	0.0023235971	0.4487871798	0.466714498
8894630	2982	81589	0.0183565893	54.7209926224	7.6537319254	0.5334008658	0.5087101206	+-	0.0014860233	0.5394008658	0.5089277957
7373555	2991	153905	0.0344187524	102.912069542	7.3974615058	0.6322984098	0.6242349125	+-	0.0011738947	0.6352984098	0.624240083
4473355	2994	98541	0.0219932012	65.8256513026	7.8417741587	0.5894379315	0.595879923	+-	0.001190569	0.5914379315	0.5958830451
8682849	2994	84674	0.0188982487	56.5624582498	13.5052046624	0.4553376768	0.7123216398	+-	0.0027378462	0.7589514963	0.7216015531
9268105	2994	137332	0.0306508998	91.7381429526	17.9667760162	0.7312278759	0.7228323152	+-	0.0015004252	0.7495114617	0.7230881967
4752731	2988	52841	0.0118409135	35.3688085676	11.1767698459	0.6019090013	0.6016267468	+-	0.001967209	0.607075668	0.601722847
10854621	2997	95936	0.0213689435	64.021354688	23.2751325256	0.603981818	0.7505535062	+-	0.0022872861	0.7583157674	0.7431806378
2715007	2997	74961	0.0166969373	50.024024024	12.0946293032	0.7303557863	0.7494005294	+-	0.0019428783	0.7376066521	0.7494234034
5376552	2994	127504	0.0284574048	85.1730126921	14.3199379268	0.5770782295	0.8105862795	+-	0.002002927	0.8344850632	0.8206197439
9032671	2994	23717	0.0052933576	15.8430193721	9.7618312775	0.5137943779	0.5784176598	+-	0.002815594	0.5440294539	0.5788646908
9956124	2994	30378	0.0067800151	20.2925851703	10.6559752255	0.5729571708	0.5819408414	+-	0.002046031	0.5949618791	0.5823724263
7269797	2997	94188	0.0209795911	62.8548548549	11.7219829741	0.6232466643	0.7097530363	+-	0.0018228008	0.7274526275	0.7130786786
10255110	2994	85565	0.0190971095	57.1576486306	12.0893209859	0.6576678644	0.6416990638	+-	0.0017886669	0.678305721	0.6420193885
3969362	2994	60950	0.0136033287	40.7147628591	12.7940491933	0.6914030716	0.741026689	+-	0.0019885615	0.7435153465	0.740599455
7584739	2985	90831	0.0203948698	60.8582914573	17.7090953945	0.7662713123	0.759086571	+-	0.0016294489	0.7765062088	0.7591312611
8496820	2997	112375	0.0250305936	74.991658325	11.660152123	0.4476855659	0.7885169534	+-	0.003040851	0.8142477839	0.7915215825
5770860	2994	98974	0.0220898418	66.1148964596	6.950588562	0.2024448742	0.7808900763	+-	0.0032604549	0.7970558633	0.7883135197
3437800	2994	48368	0.0107951732	32.3099532398	11.6410756876	0.6307544249	0.6555676057	+-	0.0020992293	0.6712312185	0.6563271755
8685306	2991	47682	0.0106634284	31.8836509529	11.5711312802	0.7231381226	0.7530543584	+-	0.0024972982	0.7348936782	0.7530857288
2141697	2997	98724	0.0219899472	65.8818818819	18.8574964278	0.7223285467	0.8208783628	+-	0.0016720055	0.808501453	0.8222184233
4661397	2997	73248	0.0163153808	48.8808808809	11.6790174461	0.7618158804	0.7608870511	+-	0.0023024532	0.7628158804	0.7608872076
11717798	2994	93081	0.020774593	62.1783567134	12.4893984724	0.6746259169	0.6402012879	+-	0.0017986365	0.6789036947	0.6402036133
10267044	2994	133037	0.0296923059	88.8690714763	11.3950639932	0.7313918896	0.718240574	+-	0.0015941138	0.7375474451	0.7182436196
6431545	2997	63460	0.0141351855	42.3490156823	13.8213474185	0.7528493459	0.7517299149	+-	0.0021988907	0.7538493459	0.7517301383
11604958	2997	101213	0.0225443512	67.5428762095	13.6755996756	0.6874448122	0.7931205497	+-	0.0019414074	0.7889264878	0.798450227
9228778	2985	126733	0.0284561772	84.9132328308	14.8172435353	0.7807467373	0.7672191068	+-	0.0018362522	0.7857467373	0.7672422302
6044543	2991	63241	0.0141429864	42.2875292544	10.3060019012	0.6765870518	0.7285110129	+-	0.0026919437	0.7383326692	0.7332216384
4474193	2994	71256	0.0159035077	47.5991983968	15.248577444	0.6882638012	0.6669021751	+-	0.0024038969	0.6932638012	0.666906718
6368316	2994	75060	0.0167525161	50.1402805611	15.1096639833	0.6172500252	0.6101985824	+-	0.0016707337	0.639079166	0.6103839083
11137143	2997	73163	0.0162964478	48.8241574908	3.8381919139	0.0866068759	0.7109819269	+-	0.0068108775	0.7334346429	0.7196154279
3833859	2994	93795	0.0209339494	62.6553106212	13.7711157855	0.6209049872	0.7448587571	+-	0.0013402199	0.7470526219	0.7489240403
12016304	2991	79577	0.0177963098	53.210966232	5.6129733945	0.111712166	0.7257854415	+-	0.0051606743	0.7726006702	0.7426501576
11303526	2991	107654	0.0240753476	71.9852892009	12.4777828615	0.7097153142	0.6911165438	+-	0.0016691595	0.7160486475	0.6911228081
5468295	2997	101746	0.0226630725	67.8985652319	15.3178576126	0.5487546607	0.8183452701	+-	0.0022309676	0.8156090557	0.8182925471
6471048	2997	67943	0.0151337363	45.3406740073	12.5535884723	0.5070384412	0.7701526928	+-	0.0031156433	0.7809143303	0.7747801754
2717141	2994	119448	0.0266593997	79.7915831663	10.4579670202	0.6443806058	0.7601130569	+-	0.0018162571	0.7714752657	0.7614436998
11612091	2994	138695	0.0309551054	92.6486305945	13.1715845699	0.8049195973	0.8019107267	+-	0.001793265	0.8118751529	0.8019258599
3953981	2994	70224	0.0156731773	46.9098196393	10.361461809	0.7046749705	0.7183357666	+-	0.0018495526	0.7117860816	0.7183428907
8145477	2994	56686	0.0126516537	37.8663994656	12.0773485956	0.7313268699	0.770671464	+-	0.0026785193	0.7474099387	0.77067672
4853067	2988	57943	0.0129841988	38.7838018742	11.6396511981	0.7085942708	0.7307897298	+-	0.0025399818	0.7142609375	0.7307926042
5198934	2991	92446	0.020674286	61.8161150117	5.2602359604	0.0845756714	0.7658330004	+-	0.0037344208	0.7846178194	0.7617726844
9637239	2991	111107	0.0248475639	74.2942159813	12.3799894171	0.7703735174	0.7552414447	+-	0.0016764641	0.7733735174	0.7552464929
6223646	2994	86184	0.019235263	57.5711422846	12.3358150882	0.7414416839	0.7569854878	+-	0.0013870892	0.7447750172	0.7569872273
10007533	2991	83311	0.0186313679	55.7077900368	12.1288393815	0.7897975661	0.7653098397	+-	0.0025091314	0.7927975661	0.7653194021
5478466	2994	96626	0.0215657956	64.5464261857	13.3195889898	0.6133051118	0.7681167492	+-	0.0017860052	0.7562806763	0.7737761356
9392682	2991	109739	0.0245416293	73.3794717486	12.3987975247	0.5696354376	0.8689284049	+-	0.0015654621	0.8203712022	0.8511054877
6424124	2997	101441	0.0225951363	67.6950283617	9.2477711066	0.4088989278	0.7626043267	+-	0.003880537	0.8072698309	0.8166036837
1873918	2997	80507	0.0179322625	53.7250583917	12.793637578	0.7533748354	0.7623503343	+-	0.0020101142	0.7543748354	0.7623504729
7821450	2997	71479	0.0159213508	47.7003670337	12.4208048818	0.6058367722	0.7579986445	+-	0.0031137467	0.7818302316	0.7660042852
5802834	2988	69809	0.0156432	46.7262382865	14.4008581383	0.8211840285	0.823863865	+-	0.0028454207	0.8268506951	0.8238952147
11769739	2997	32916	0.0073317643	21.965965966	9.8586510951	0.5863700252	0.612193579	+-	0.0022439991	0.602347803	0.6122421881
8587792	2994	98482	0.0219800331	65.786239145	12.9038586585	0.7133632158	0.7045688729	+-	0.0023000289	0.7261282952	0.7045769016
4937217	2994	110424	0.0246453482	73.7635270541	12.8845613983	0.548704619	0.8154732897	+-	0.0022475002	0.7929988754	0.8066097637
8872737	2994	99766	0.0222666069	66.6439545758	10.6237382818	0.6711835805	0.6736789047	+-	0.0016948728	0.6749613583	0.6736807557
8263940	2994	93250	0.0208123118	62.291249165	11.4408216453	0.6932337683	0.7167372369	+-	0.0016536434	0.7247389874	0.7167466352
9274472	2997	57707	0.0128537527	38.5098431765	16.5545570989	0.7403058486	0.7546097716	+-	0.0024014643	0.7517471216	0.7550623839
6118779	2997	81469	0.01814654	54.3670337004	19.1930349349	0.5924032019	0.6911535661	+-	0.0023734393	0.7272641536	0.6957494584
4999357	2991	119517	0.0267283456	79.9177532598	5.08012664	0.1619991221	0.791386352	+-	0.0038137856	0.8079735849	0.8044131223
2437038	2997	94403	0.0210274805	62.998331665	10.8261264025	0.6477702195	0.6380016417	+-	0.0016790666	0.655941119	0.638004015
5218385	2997	66726	0.0148626597	44.5285285285	10.0427481635	0.6769835292	0.6958207643	+-	0.0023249898	0.6833709659	0.695845088
3454864	2994	47770	0.0106617065	31.910487642	9.6482619542	0.6194764592	0.6310488738	+-	0.0028195863	0.6244764592	0.6310584686
7304911	2994	49626	0.0110759441	33.1503006012	10.8733254269	0.6421779896	0.7209122965	+-	0.0026526223	0.7415241051	0.7281919622
7516345	2994	76367	0.0170442232	51.0133600534	14.4136847156	0.7265843775	0.8321080086	+-	0.0020839875	0.8194494542	0.8369599587
4464999	2994	161050	0.0359444806	107.581830327	14.6182214381	0.7142994221	0.7780569426	+-	0.0015812077	0.7993075115	0.7867608038
4074708	2997	82889	0.0184628331	55.3146479813	13.7114431594	0.4598513561	0.7523948863	+-	0.0025641609	0.7661464457	0.7538869932
4672934	2994	64932	0.0144920647	43.374749499	12.26921785	0.6317929563	0.6888040084	+-	0.0020977711	0.7036020242	0.689907355
3732732	2994	103346	0.0230656212	69.0354041416	13.0028645056	0.7104005157	0.697678682	+-	0.0017446156	0.7124005157	0.6976805112
7881722	2991	47461	0.0106140048	31.7358742895	11.3387420157	0.5799794649	0.6631455646	+-	0.0023627742	0.5862572427	0.6631711402
8982514	2994	103564	0.0231142762	69.1810287241	18.6441932968	0.6047287409	0.7985628705	+-	0.0019892914	0.8111741813	0.8084717394
5095098	2982	78391	0.017637076	52.5761234071	9.3551274058	0.6319868838	0.654328434	+-	0.0020806996	0.6692415952	0.6546814004
5881838	2994	83085	0.0185436024	55.501002004	12.1099081984	0.7144527536	0.7172616066	+-	0.0025656657	0.7603531951	0.7183113882
7610486	2994	63783	0.0142356213	42.6072144289	18.7715173696	0.5458253513	0.688871063	+-	0.0017455068	0.7079882675	0.6999142742
2854752	2994	69489	0.0155091339	46.4188376754	13.854262236	0.7291674679	0.8295170168	+-	0.0026486347	0.8145094233	0.8327301235
8190613	2994	73523	0.0164094756	49.1135604542	15.8722290774	0.5586255067	0.6714084423	+-	0.0023095893	0.7290490305	0.6791715376
9145707	2997	94890	0.0211359557	63.3233233233	12.429592206	0.7723747114	0.782401983	+-	0.0024792991	0.7770413781	0.7824054992
4669592	2994	132729	0.0296235639	88.6633266533	11.1482945191	0.6482757183	0.6959903046	+-	0.0012570526	0.6985886233	0.6964167034
5685072	2997	87736	0.0195424619	58.5492158825	9.1297711649	0.2326111136	0.7436928885	+-	0.0039991282	0.777077759	0.7388300224
5480282	2994	29645	0.006616418	19.8029392118	10.286712096	0.5817662677	0.591900605	+-	0.0032790365	0.598231347	0.5920341416
6050116	2997	122439	0.0272722656	81.7077077077	10.9303820021	0.7150958556	0.7062156649	+-	0.0016814625	0.7185403	0.7062163063
2305277	2994	33493	0.0074752467	22.3734134937	9.7127697285	0.5849521216	0.5716480283	+-	0.0020685506	0.5869521216	0.5716736478
9181877	2994	26230	0.0058542299	17.5217100868	10.39557411	0.6014893994	0.6318660779	+-	0.0024898843	0.6137815991	0.6340876567
8539720	2991	116001	0.0259420402	77.5667001003	9.409745597	0.6199333172	0.7485245923	+-	0.0014565059	0.76351157	0.7519018541
5961327	2997	82234	0.0183169373	54.8775442109	12.7803560171	0.6033725253	0.7881716654	+-	0.0024290593	0.7743742659	0.7804923638
7878402	2997	102016	0.0227232128	68.0787454121	9.7740316983	0.2198705927	0.7132140804	+-	0.0056281705	0.7984412293	0.7821600911
2991403	2991	44647	0.0099846921	29.8542293547	10.1093979442	0.5822518957	0.5908747275	+-	0.0024107735	0.5903188916	0.590985363
10322582	2997	85894	0.0191321718	57.3199866533	12.3304891602	0.7527934135	0.7910328311	+-	0.0017195019	0.7662603451	0.7911289515
12055014	2994	138267	0.0308595808	92.3627254509	9.7063594542	0.7115605993	0.7058865407	+-	0.0019957827	0.7172828215	0.7058873679
7889628	2994	41035	0.0091585331	27.411489646	11.3292608912	0.6433786563	0.6739453814	+-	0.0023951867	0.676311738	0.6795869544
9838047	2994	64640	0.0144268937	43.1796927188	11.3046703576	0.7381260024	0.7430339332	+-	0.0022564863	0.7461260024	0.7430530494
5371109	2988	72184	0.0161754035	48.3159303882	13.8438363804	0.6416267322	0.7570298991	+-	0.001922716	0.7784908635	0.7602394178
10877703	2997	109030	0.0242855227	72.7594260928	8.8034545173	0.4043864901	0.7311444211	+-	0.0035608852	0.7839482179	0.7781362984
11395117	2994	163174	0.0364185326	109.000668003	6.184909752	0.2226419951	0.9198413688	+-	0.0042518362	0.9040576691	0.9044213215
3956545	2994	93712	0.0209154248	62.5998663995	11.1891353091	0.706360668	0.7203755266	+-	0.0012979884	0.7179495569	0.7203824973
5282464	2994	84538	0.0188678951	56.4716098864	11.2220271235	0.3790644288	0.804343158	+-	0.003218502	0.8124789556	0.8116092922
10528299	2994	129281	0.0288540105	86.3600534402	14.3569700378	0.6902428635	0.6889341291	+-	0.0011863419	0.6932428635	0.6889353446
5128972	2994	51896	0.0115825816	34.6666666667	9.9588238938	0.6867250374	0.7125193426	+-	0.0024782918	0.7074377336	0.715129791
11447953	2985	67796	0.0152226728	45.4244556114	15.2714525995	0.7100880199	0.7402061133	+-	0.0018384172	0.7361264308	0.7410496544
5962877	2985	52050	0.0116871219	34.8743718593	9.9222102867	0.606079265	0.6399313685	+-	0.0021639329	0.6216348206	0.6400958327
6791604	2994	80901	0.0180561591	54.0420841683	13.0302969356	0.7591866354	0.8046644553	+-	0.0019480625	0.8121365609	0.8054125626
6024572	2994	112768	0.0251685016	75.3293253173	12.7584957435	0.6732775405	0.727736669	+-	0.0009673794	0.7209805215	0.7283391248
11494583	2997	91412	0.0203612602	61.002335669	10.1912590583	0.6736161642	0.7168763054	+-	0.0015313793	0.6803717197	0.7168763924
11444780	2997	105687	0.0235408974	70.5285285285	16.9971416845	0.4784177027	0.799857831	+-	0.0026712659	0.7983321226	0.7880700054
11920266	2994	42659	0.009520991	28.4963259853	11.3370759652	0.6451726074	0.6525810767	+-	0.0022170602	0.6688555345	0.6528085459
11127048	2994	63244	0.0141153227	42.2471609886	14.8192124074	0.7154060557	0.7117796989	+-	0.0019072629	0.7185727223	0.7117840646
8554005	2994	126152	0.0281556542	84.2698730795	10.5488637609	0.499565575	0.8359488063	+-	0.0018637677	0.8492999658	0.8376590605
4138301	2997	35117	0.0078220187	23.4347681014	10.5456025095	0.6292285687	0.697945179	+-	0.0024178387	0.6514999972	0.6979943386
7035139	2994	68814	0.0153584817	45.9679358717	17.1753301716	0.630859059	0.723668667	+-	0.0017914092	0.7209475348	0.7246256788
9345163	2997	98317	0.0218992914	65.6102769436	10.2550755019	0.3463590543	0.7526234466	+-	0.0030940356	0.7967287791	0.7693400129
5110245	2991	45352	0.0101423557	30.3256435975	14.3987724248	0.5301881029	0.6631792487	+-	0.0021102104	0.6758992711	0.6677736834
6350020	2997	32837	0.0073141678	21.9132465799	9.7352619083	0.5766191212	0.5809330816	+-	0.0023297816	0.5867857879	0.580935257
6504095	2994	44770	0.0099921415	29.9064796259	12.2834169652	0.6838954681	0.6695213558	+-	0.0029222103	0.698581249	0.6697579234
3456318	2994	23035	0.0051411432	15.3874415498	10.2766459917	0.5349759285	0.5812876411	+-	0.0022597064	0.5415314841	0.5813353583
4273411	2988	60140	0.0134765151	40.2543507363	14.6370107806	0.7124960054	0.7360300517	+-	0.0022156758	0.7361690701	0.7368824197
5820209	2991	68959	0.015421739	46.1109996657	16.0417790956	0.7117554454	0.8114884498	+-	0.0020343857	0.7827436019	0.8102255429
5984000	2997	109680	0.0244303048	73.1931931932	12.0741911638	0.4505539197	0.8057843815	+-	0.0018858876	0.7918884794	0.7903935786
10084115	2994	80515	0.0179700084	53.7842351369	13.2510383979	0.6702430224	0.6626546915	+-	0.0019561667	0.6732430224	0.6626580198
6281103	2994	118526	0.02645362	79.1756847027	12.4971260398	0.6796790369	0.6587897919	+-	0.0013788282	0.6828457036	0.6587916312
9882280	2997	153460	0.0341819345	102.409075742	16.1541069984	0.7983605803	0.7884648268	+-	0.0013375497	0.8026420618	0.7884643103
3958488	2994	76619	0.0171004667	51.1816967268	14.0099284345	0.7625349316	0.7910628185	+-	0.0017442524	0.7738731443	0.7912071659
12019674	2994	72843	0.0162577075	48.6593186373	11.4755401134	0.3633975638	0.7073931574	+-	0.0027041849	0.6935440046	0.6821055792
8394040	2994	87108	0.0194414891	58.1883767535	10.837097386	0.6825067455	0.6816741157	+-	0.0023891247	0.7042259375	0.6817468248
7339345	2997	120662	0.0268764537	80.5218551885	6.8104002642	0.2441838715	0.7786491645	+-	0.0038092295	0.804236223	0.78238323
4940226	2997	73077	0.016277292	48.7667667668	11.9493103959	0.6749683692	0.7433896179	+-	0.0018000856	0.7393049056	0.7444993715
10128961	2994	93611	0.0208928828	62.5323981296	12.4769328415	0.6635085454	0.7022300264	+-	0.0016617919	0.7037091106	0.7032192451
5353374	2994	140894	0.0314458966	94.1175684703	20.8601290324	0.5671060602	0.7723793878	+-	0.0017258868	0.7784402458	0.7673366934
11013608	2997	71745	0.0159806001	47.8778778779	12.1863282512	0.7144853512	0.7257126565	+-	0.0016576492	0.7154853512	0.725712515
9994475	2997	107386	0.0239193354	71.6623289957	11.9854246043	0.7866816139	0.7974293098	+-	0.0022123752	0.7893482806	0.7974300059
7457163	2991	91992	0.0205727551	61.5125376128	12.0039207455	0.7560547673	0.7512713508	+-	0.0023442657	0.7615881006	0.751279925
10259530	2994	87198	0.019461576	58.248496994	10.8337769005	0.3676540574	0.8288938196	+-	0.0035570804	0.8227543509	0.840817786
4458989	2994	72135	0.0160996902	48.1863727455	11.9879867986	0.7067728105	0.736167856	+-	0.0020679674	0.7328822164	0.7365063669
10618253	2994	87701	0.0195738397	58.584502338	10.933124011	0.5686128642	0.7131909694	+-	0.0027705752	0.7327922533	0.7226569724
11190836	2994	51584	0.0115129468	34.458249833	10.1379238975	0.6850639933	0.67622557	+-	0.0023908729	0.6870639933	0.676234212
11566174	2997	72633	0.0161783947	48.4704704705	11.9692354453	0.5993740423	0.7216627116	+-	0.0026628873	0.7591759678	0.7322633733
5015926	2994	111107	0.0247977858	74.2197728791	12.0680144547	0.7454542869	0.7399442364	+-	0.0015702376	0.7512132094	0.7399544001
5809868	2994	83656	0.0186710429	55.8824315297	11.2736971818	0.5473769201	0.7692288924	+-	0.0029105341	0.7808793159	0.7721802832
9365025	2988	70182	0.0157267839	46.9759036145	10.2250060303	0.6605717375	0.6987767933	+-	0.0024077571	0.679497928	0.6988215463
3221207	2994	106901	0.0238590557	71.4101536406	13.2876670791	0.7536497853	0.7509930509	+-	0.0018819571	0.7566497853	0.750994441
10154189	2994	132780	0.0296349465	88.6973947896	13.9834281084	0.7786097045	0.7765672445	+-	0.001588939	0.7806097045	0.7765680487
5703230	2991	88669	0.0198296115	59.2905382815	11.511190874	0.6402231051	0.6216433267	+-	0.0016660248	0.6519582902	0.6216609774
4071600	2985	78046	0.0175241713	52.2921273032	15.8320408531	0.7536215069	0.7631336434	+-	0.0017830829	0.7599548402	0.7632017665
8823666	2997	136321	0.0303643653	90.971638305	8.6409462739	0.2292747539	0.8229832076	+-	0.0021862403	0.8041206284	0.7916318213
8039225	2982	100839	0.0226876185	67.6317907445	9.588326933	0.4032676806	0.7818751	+-	0.0038628406	0.8136242284	0.819130522
8539850	2994	109200	0.0243721656	72.9458917836	12.6455471625	0.5710938063	0.8075320842	+-	0.001955157	0.8013325396	0.8064664901
4350454	2991	69915	0.0156355354	46.7502507523	13.7552085189	0.7470641685	0.8181420069	+-	0.0024131065	0.8026929615	0.8190936784
9451598	2994	69310	0.0154691832	46.2992651971	12.1183020181	0.7177348295	0.7562039757	+-	0.001957196	0.7395856435	0.7563105156
9957411	2994	64753	0.0144521139	43.2551770207	19.6949121035	0.5595141705	0.7033129533	+-	0.0028356419	0.7327664355	0.7108787874
7269843	2997	109436	0.0243759558	73.030363697	10.8330540959	0.688113451	0.6775647443	+-	0.0017428091	0.689113451	0.6775648277
10447902	2997	93783	0.0208893807	62.5845845846	6.92739072	0.1616393236	0.7726234445	+-	0.0056003754	0.7631258423	0.7665569842
7458285	2991	96570	0.0215965623	64.5737211635	13.7282372894	0.736961728	0.7795740062	+-	0.0018585999	0.8021311186	0.7804368678
2012362	2994	59378	0.0132524767	39.6646626587	10.5460297008	0.643048578	0.6261385308	+-	0.0022693462	0.6571001752	0.6263818312
4451148	2994	78555	0.0175325593	52.4749498998	10.3083333564	0.389046799	0.7928583686	+-	0.0024674644	0.8065071172	0.8102589597
7950962	2991	71511	0.015992459	47.8174523571	13.1652689205	0.7281648443	0.7462503766	+-	0.0020488457	0.7468569078	0.7462699178
9402649	2997	30236	0.0067348167	20.1775108442	9.4700057968	0.5619588833	0.5879351874	+-	0.0021131373	0.5638477722	0.5879361342
7597095	2994	111770	0.0249457597	74.6626586506	11.7987693296	0.683838008	0.6862490957	+-	0.0015853339	0.7107326292	0.686270795
10796477	2991	77515	0.0173351716	51.8321631561	10.81524239	0.7090920173	0.7410883468	+-	0.0017323271	0.7225253507	0.7410994185
11805235	2997	153297	0.0341456276	102.3003003	3.6064663328	0.1582664897	0.7675340616	+-	0.0030521842	0.821028493	0.7964877065
2858322	2994	80877	0.0180508026	54.0260521042	10.0240403561	0.6058727224	0.6466226776	+-	0.0023639586	0.6650466982	0.6562789639
7506164	2994	64654	0.0144300183	43.1890447562	15.2909905299	0.7116375357	0.7244210857	+-	0.0021669289	0.7305901921	0.7244471651
5567438	2994	101194	0.0225853199	67.5978623914	13.0986481632	0.5661708451	0.6950093568	+-	0.0015338944	0.7343705576	0.6980047757
10965091	2997	81854	0.0182322955	54.6239572906	11.8339630734	0.6628068274	0.7563028964	+-	0.0028116452	0.8000516253	0.7640099218
9245929	2997	65941	0.0146878075	44.004671338	12.5460997421	0.755610799	0.7676608068	+-	0.0023059539	0.7651598712	0.7678673782
11338865	2991	66128	0.0147886245	44.2179872952	11.824067856	0.7608119917	0.7587943584	+-	0.0022441785	0.7696307825	0.7589156076
10395202	2997	80311	0.0178886051	53.5942609276	9.635406703	0.4100514061	0.7595843656	+-	0.0030748807	0.7767307963	0.7650982221
9002076	2994	30944	0.0069063397	20.6706746827	9.5948731868	0.5462818274	0.5874133665	+-	0.0023032455	0.5606992877	0.5874776732
3731292	2997	147221	0.0327922493	98.2455789122	12.8635918648	0.7001152234	0.7114841299	+-	0.0010115415	0.7060596678	0.7114840247
3232823	2994	41691	0.0093049447	27.8496993988	10.3686393839	0.6317066074	0.6531154618	+-	0.0025419141	0.6600180608	0.6534000257
9094335	2994	49501	0.0110480455	33.0668002672	11.3324583023	0.638118272	0.5989142919	+-	0.0023484379	0.6422293831	0.5989269772
8804824	2994	81889	0.0182766692	54.7020708083	9.8638780579	0.6472202456	0.7887818202	+-	0.0026771614	0.7997410754	0.7932015754
5283839	2997	106299	0.0236772153	70.9369369369	10.1938959207	0.2385061558	0.7361640976	+-	0.0049147814	0.7409312598	0.7030707789
10797126	2994	59835	0.0133544737	39.9699398798	15.0881736635	0.7582467632	0.8168573042	+-	0.0027774436	0.7845800966	0.8176552417
11819520	2997	21571	0.0048047603	14.3950617284	9.4133360045	0.4817953264	0.5545581454	+-	0.0027145572	0.5026447251	0.5549875506
7676610	2988	38333	0.0085898779	25.6579651941	10.6299642869	0.6404203999	0.7107363572	+-	0.003376403	0.6481426221	0.7108685673
8563964	2994	123879	0.0276483471	82.751503006	13.4683693087	0.6705631754	0.671696942	+-	0.0012691213	0.6748409532	0.6716981427
10818544	2985	78073	0.0175302338	52.3102177554	11.89282035	0.726077418	0.726481882	+-	0.0023062265	0.731077418	0.7265488324
7259917	2994	52681	0.0117577844	35.1910487642	10.72465132	0.6817347261	0.7185664051	+-	0.0024590079	0.7224387966	0.7222083788
9995981	2994	63048	0.0140715778	42.1162324649	11.7331581217	0.6131366575	0.6522692677	+-	0.001946071	0.6768991505	0.6549010491
3839964	2994	87625	0.0195568774	58.5337341349	10.0135568857	0.6294901474	0.7008809196	+-	0.0019239559	0.7005690568	0.7020857357
2715417	2997	59003	0.0131424259	39.3747080414	13.1660739019	0.6551065199	0.7162433421	+-	0.0022531258	0.6949740625	0.7167573919
7367833	2994	64236	0.0143367256	42.9098196393	12.4998986256	0.705651101	0.7479870171	+-	0.0022847	0.7468764229	0.7481198406
6964796	2994	81546	0.0182001156	54.4729458918	11.1468837658	0.6918055726	0.7033925179	+-	0.0017521333	0.6938055726	0.7033947672
5955731	2991	64797	0.0144909645	43.3279839519	8.7632210235	0.1789489579	0.7525484471	+-	0.0038869568	0.771101244	0.7643658744
7620664	2991	83747	0.0187288734	55.9993313273	9.8950718536	0.6542810112	0.6602478202	+-	0.0014692241	0.6653287745	0.6602872343
12153332	2997	50231	0.0111885361	33.5208541875	10.7937402147	0.604227078	0.6637929198	+-	0.0024036297	0.6585103348	0.6652839402
2444187	2994	144991	0.0323602992	96.8543754175	15.8282467357	0.7291660942	0.7363385388	+-	0.0012177587	0.7359883164	0.7363422472
4999260	2997	96229	0.0214342068	64.2168835502	10.8097127612	0.3996258151	0.8405005234	+-	0.0016937103	0.8005334408	0.7949945458
8652599	2985	72237	0.0162198391	48.4	11.2220174474	0.6543936995	0.8038813526	+-	0.0022509367	0.8111459169	0.8178354475
8715667	2994	127531	0.0284634309	85.1910487642	12.81287948	0.7423700672	0.7316242092	+-	0.0017594776	0.7443700672	0.7316252736
11408810	2991	45599	0.0101975939	30.4908057506	11.7578447524	0.5813482797	0.656452787	+-	0.002563317	0.5989075205	0.6565720346
7118621	2994	100759	0.022488233	67.3072812291	11.9280906905	0.6874584277	0.7172376262	+-	0.0020916037	0.7349658143	0.7190218749
11496078	2997	79488	0.0177052887	53.045045045	14.5156752235	0.4779285994	0.7069773901	+-	0.0032624406	0.7357054597	0.6976958901
6861400	2997	142259	0.0316870052	94.9342676009	11.1482854065	0.3772673479	0.7289830955	+-	0.0018511747	0.7840323369	0.7610765921
6671698	2994	94532	0.0210984392	63.1476285905	12.730061884	0.3717611736	0.7308650647	+-	0.002876055	0.7752884333	0.747941467
6615041	2994	89085	0.0198827324	59.5090180361	3.394410534	0.1167451191	0.7512013705	+-	0.0050737796	0.7761564319	0.7797228253
7130044	2994	89383	0.0199492425	59.7080828323	11.2474823455	0.7061554336	0.6893814111	+-	0.0023681905	0.7153221003	0.6893850761
5978521	2994	77026	0.0171913043	51.4535738143	12.6165196779	0.5940009945	0.6673026298	+-	0.0020679169	0.7210485476	0.670475859
9649493	2994	73494	0.0164030031	49.0941883768	13.9054805715	0.3476562399	0.7024830276	+-	0.0028550111	0.7364967152	0.7159644881
5439790	2991	112733	0.0252111966	75.3814777666	5.1999496597	0.1077004892	0.7218938963	+-	0.004782255	0.7946025578	0.762732571
11295026	2994	96037	0.0214343377	64.1529726119	15.1706968997	0.6375831298	0.6991735143	+-	0.0024144561	0.7476326956	0.7072811047
9071373	2994	61574	0.0137425982	41.1315965264	12.0586928826	0.6492445011	0.6775481012	+-	0.0022588076	0.6742496182	0.6776568903
6843507	2997	106074	0.0236270984	70.7867867868	6.6976604521	0.1394628102	0.7341870417	+-	0.0063230249	0.7679988532	0.7457522682
11246163	2997	126305	0.0281333848	84.2876209543	15.6603331983	0.7693324752	0.8002336146	+-	0.0019542218	0.811887193	0.8005891651
6148704	2994	30006	0.006696989	20.0440881764	9.4683010134	0.530018462	0.5350875906	+-	0.0022168945	0.5374851287	0.5351261476
4909422	2994	116672	0.0260398289	77.9372077488	13.0781035232	0.5778043633	0.7166097912	+-	0.0017052006	0.7389240558	0.7131721044
9051723	2994	39543	0.0088255361	26.4148296593	9.3430814984	0.5618163267	0.5498391356	+-	0.0019900537	0.5638163267	0.5498564418
9283826	2997	100225	0.0223242824	66.8835502169	18.5106638613	0.4603620956	0.7275536514	+-	0.0024404532	0.7625027665	0.723252293
10880490	2994	78473	0.0175142578	52.4201736807	11.0599605711	0.657021053	0.6448250563	+-	0.002075789	0.6879568195	0.6453883956
10389982	2994	77952	0.0173979767	52.0721442886	8.8693412621	0.3904326859	0.7686528423	+-	0.0048703845	0.8055204603	0.7715463427
11404758	2997	87020	0.0193829789	58.0714047381	14.2895006466	0.7742381177	0.7763526885	+-	0.002331553	0.7752381177	0.7763527976
6061139	2997	85690	0.0190867325	57.1838505172	17.474559893	0.477588113	0.7514362954	+-	0.0035584177	0.7695076378	0.7469953124
8431389	2997	90559	0.0201712616	60.4330997664	10.1320043711	0.2963324458	0.7611127203	+-	0.0043387704	0.7788445269	0.7649978379
10485137	2994	85395	0.0190591674	57.0440881764	12.0713280912	0.7071748104	0.7362751144	+-	0.0021662766	0.7488096156	0.7376397756
9237755	2997	57826	0.012880259	38.5892559226	11.1440528108	0.2781866003	0.7139268602	+-	0.0030791805	0.7251557927	0.7200499525
9345838	2991	86981	0.0194521133	58.1618187897	16.2180606326	0.3747808697	0.8279948806	+-	0.0036860257	0.8227731103	0.8082127248
3104113	2988	102797	0.0230353397	68.8065595716	14.4951592616	0.7310034481	0.7114924418	+-	0.0015827322	0.7390034481	0.7115126791
3120742	2997	32377	0.0072117066	21.6062729396	10.700385569	0.6029825914	0.6582102377	+-	0.002343161	0.6149437025	0.658262027
9934052	2994	30680	0.006847418	20.4943219773	12.3926655259	0.6106496873	0.6343827028	+-	0.0026881736	0.626234608	0.6344254535
9612468	2997	24738	0.0055101831	16.5085085085	10.0720619771	0.5375976998	0.5668997919	+-	0.0026208612	0.549454049	0.5669332847
7037319	2994	75890	0.0169377624	50.6947227789	15.6566486204	0.6708247463	0.8243018679	+-	0.00179716	0.8098130495	0.830560958
5450322	2994	55873	0.0124702016	37.3233132933	10.54119775	0.6284013989	0.6147625935	+-	0.0020144113	0.6340680656	0.6147752934
11672319	2994	38936	0.0086900608	26.0093520374	9.7686151928	0.5700604952	0.5710280575	+-	0.0023277487	0.5881304807	0.5711497264
11303416	2994	72875	0.0162648496	48.6806947228	15.4648847049	0.5876332404	0.7113967327	+-	0.0020772702	0.7421424901	0.7198662962
9786798	2997	123091	0.0274174931	82.1428094761	8.0922137615	0.2168043243	0.8951984044	+-	0.0019689605	0.837108639	0.8037820505
10847118	2997	101467	0.0226009276	67.7123790457	11.6176249197	0.7351120398	0.7265894142	+-	0.0016859102	0.7412231509	0.7265913432
7766185	2991	145651	0.0325728579	97.3928452023	10.9634522259	0.7188968077	0.7959997428	+-	0.0012924786	0.808033758	0.7990477112
3832382	2997	71314	0.0158845984	47.5902569236	14.3304750409	0.4486192812	0.7352526216	+-	0.003003369	0.7699714741	0.7452338983
9592145	2997	120915	0.0269328073	80.6906906907	22.4019336808	0.7750454888	0.7651271837	+-	0.0017044525	0.7989871555	0.7652145004
8904448	2991	67850	0.0151737263	45.3694416583	14.1977224121	0.4649507292	0.8097007614	+-	0.0028966175	0.8380036275	0.8309933742
8242493	2997	76923	0.0171339564	51.3333333333	14.4415089643	0.6283302764	0.7928937011	+-	0.0023104324	0.8059198545	0.8024850936
9290838	2994	78559	0.017533452	52.4776219105	11.5356651212	0.6950050587	0.7203281708	+-	0.0014819766	0.7034315491	0.7203519886
7118656	2994	75338	0.0168145624	50.3259853039	11.3672603285	0.677483798	0.684738677	+-	0.001555926	0.6840171314	0.6847477347
9030817	2982	37059	0.00833785	24.8551307847	13.3948965502	0.5814826159	0.6778591118	+-	0.0023097715	0.6622601614	0.679237194
11341950	2997	68169	0.0151840759	45.4914914915	12.7089833467	0.7610358837	0.8098899228	+-	0.0023534068	0.7990926751	0.8108946321
10586874	2994	125205	0.0279442949	83.6372745491	9.5912525109	0.6769158432	0.7103026775	+-	0.0014713212	0.7226455175	0.7106332901
6521123	2994	50800	0.0113379672	33.9345357381	14.3863443896	0.6929979951	0.7831819411	+-	0.0022866646	0.7545517737	0.7868685538
8177958	2985	26736	0.0060032064	17.9135678392	9.5320042637	0.5071881083	0.5402544833	+-	0.0022759502	0.5189325528	0.5411535672
4991959	2997	100811	0.0224548091	67.2746079413	15.8218957307	0.7422145266	0.7981809968	+-	0.0018619952	0.7968074099	0.7990087812
10723143	2997	97299	0.0216725404	64.9309309309	15.8364593402	0.4435488043	0.7118887967	+-	0.0028496755	0.741391435	0.7036564251
11083888	2997	53320	0.0118765851	35.5822489156	11.2766124325	0.6662736906	0.7143669005	+-	0.0019863824	0.7047520655	0.7149420159
7013934	2994	71215	0.0158943569	47.5718102872	13.5586045161	0.579530101	0.8383616498	+-	0.0028526838	0.8277556716	0.82620306
10280990	2994	26443	0.005901769	17.663994656	10.245466678	0.6111252365	0.6373113884	+-	0.0025810528	0.6276664731	0.6380383883
4950505	2997	72440	0.0161354055	48.3416750083	10.4273523387	0.6748805298	0.6742871356	+-	0.001788082	0.6774360853	0.67428711
8309175	2997	79782	0.0177707748	53.2412412412	13.6952922015	0.704875847	0.6858114928	+-	0.0022341943	0.7111536248	0.6858250384
11153627	2994	51947	0.0115939642	34.7007348029	13.3459934155	0.7019597271	0.760003725	+-	0.002267184	0.7434614603	0.7620765942
9071104	2994	75321	0.0168107682	50.3146292585	11.6072257346	0.6553931381	0.6413645197	+-	0.0018910465	0.6573931381	0.6413684032
9020289	2994	80760	0.0180246895	53.9478957916	7.7986350949	0.2364228758	0.7377835798	+-	0.0035467239	0.763298586	0.7415894794
9475663	2991	31579	0.0070622123	21.1160147108	9.1791654459	0.5643938025	0.5970387764	+-	0.0025048122	0.575538247	0.5971929626
8330092	2994	48979	0.0109315412	32.7181028724	12.3943061122	0.6426874812	0.6550119522	+-	0.0021995232	0.646465259	0.6550203695
11402381	2994	161145	0.0359656835	107.645290581	6.3998553084	0.2477092556	0.7520760981	+-	0.0018231096	0.7828875864	0.7748858552
6309193	2997	16968	0.0037794804	11.3233233233	10.0521595965	0.4797907093	0.5407502235	+-	0.0038160174	0.4852351537	0.540765287
5620981	2997	97149	0.0216391291	64.8308308308	13.3446689339	0.5287117051	0.8248674147	+-	0.0028572792	0.8106138868	0.8158324522
11405559	2994	96301	0.0214932594	64.3293253173	12.0257638769	0.6331165609	0.677712287	+-	0.0019107079	0.6960126232	0.6828149612
7660607	2967	45123	0.0102550851	30.4165824065	11.6777003219	0.6205738346	0.6782276408	+-	0.0028704695	0.6519465859	0.6807501353
7657914	2994	74721	0.0166768552	49.9138276553	12.4484347619	0.31065935	0.8130290915	+-	0.0028467668	0.7825440907	0.7705879591
5310387	2994	131283	0.0293008335	87.6973947896	8.5824859324	0.2130666626	0.7589810803	+-	0.0022565355	0.7766151586	0.7458545442
8257903	2991	166952	0.0373365358	111.63624206	3.0677756494	0.1447141869	0.7928610982	+-	0.0031367137	0.8053152237	0.8058198031
4904304	2994	139045	0.0310332214	92.8824315297	12.675136128	0.7277755372	0.7216590179	+-	0.0012916176	0.7297755372	0.7216599956
5374883	2994	88471	0.0197456948	59.0988643955	13.1369817848	0.6676056277	0.6735048988	+-	0.0015345808	0.6932845288	0.6736426937
11295347	2991	91598	0.0204846423	61.2490805751	12.4653244644	0.7327105281	0.778023024	+-	0.0015951858	0.771503262	0.7759800992
7698650	2994	112059	0.0250102611	74.8557114228	13.0984926342	0.4988414741	0.7393576019	+-	0.002916791	0.7716057355	0.7460829093
9114111	2994	29496	0.006583163	19.7034068136	10.9568686319	0.5911700325	0.6688331899	+-	0.0030732875	0.6087750349	0.6689478022
9030509	2994	64470	0.0143889516	43.0661322645	11.7684124063	0.6960245721	0.6759616906	+-	0.0025524438	0.7029690165	0.6759695707
10801703	2997	47605	0.0106036165	31.7684351018	10.5884749339	0.6921838635	0.6998316657	+-	0.0021851754	0.6940727524	0.6998316138
9272276	2997	161764	0.0360315812	107.950617284	10.9702121802	0.7331495875	0.7286080166	+-	0.0014231341	0.7364837144	0.7286084614
11091082	2997	114775	0.0255651735	76.5932599266	10.0338210893	0.3802922949	0.8125521623	+-	0.0031613453	0.8575420868	0.8544042457
6871716	2997	31898	0.0071050133	21.2866199533	9.9074370306	0.5984967463	0.6078999421	+-	0.0024144873	0.6049607675	0.6079455119
8690104	2994	109572	0.0244551917	73.1943887776	10.5702306282	0.3350782186	0.8716632976	+-	0.0036849622	0.8159678512	0.8401467658
8590274	2991	38941	0.0087086231	26.0387830157	13.6517340678	0.6261700772	0.6845999185	+-	0.0031345666	0.6530496978	0.6848493311
6803335	2988	92766	0.0207875358	62.0923694779	12.9873705574	0.6692878529	0.6610008221	+-	0.0016554849	0.6767322974	0.6610348128
9991887	2994	63364	0.0141421053	42.3273213093	12.8114506537	0.6590083639	0.6494926685	+-	0.0023293926	0.6747226496	0.6495076704
3936357	2997	108762	0.024225828	72.5805805806	13.4409897927	0.8259538692	0.8182461188	+-	0.003426893	0.8269538692	0.818246176
11559864	2994	78571	0.0175361303	52.4856379426	14.8037319194	0.7257564728	0.7760643602	+-	0.0023051736	0.7800222532	0.7795209599
7511980	2997	35395	0.0078839409	23.6202869536	10.8768417173	0.6392760659	0.6888907276	+-	0.0027865811	0.6813030712	0.6913572337
10119517	2991	54939	0.0122863574	36.7362086259	9.4130513231	0.6729067171	0.6966187333	+-	0.0027245884	0.6874205458	0.6966621094
5425950	2997	84613	0.0188468397	56.4651317985	13.411097732	0.5957606268	0.7971163772	+-	0.0028916505	0.7918276288	0.7715251683
6370665	2991	96410	0.0215607804	64.4667335339	12.3435235203	0.5142080903	0.8351872	+-	0.0022044276	0.8331659731	0.8265501502
11509282	2994	118547	0.026458307	79.1897127589	15.3424463416	0.8213470183	0.8510097895	+-	0.0017882688	0.8278850451	0.8510136966
4563150	2997	110225	0.024551699	73.5568902236	11.733625589	0.7400356248	0.7547596835	+-	0.0016054846	0.7585504646	0.7554206693
8108785	2997	70803	0.0157707775	47.2492492492	12.4716877379	0.6858033068	0.74891154	+-	0.0027448624	0.773266905	0.7558979602
6057829	2994	38671	0.0086309159	25.8323313293	10.2843083905	0.6817422383	0.6947848748	+-	0.0030189578	0.6949577505	0.6959780337
3342425	2994	63991	0.0142820444	42.7461589846	10.2029440568	0.6672590547	0.6471679788	+-	0.0024047766	0.6783146102	0.6471795035
5201619	2994	91409	0.0204014221	61.0614562458	4.5493163602	0.1339993889	0.7577918939	+-	0.0066365286	0.7928575026	0.7543776394
11084782	2994	83616	0.0186621154	55.8557114228	16.2933212637	0.7940630908	0.8268465094	+-	0.002048633	0.8280818618	0.8285783849
12305537	2997	88071	0.0196170804	58.7727727728	6.2504536391	0.1360443743	0.6930023119	+-	0.0045491205	0.7792863246	0.7386337395
10322296	2994	69427	0.0154952962	46.3774215097	12.4235311414	0.6785164995	0.695475996	+-	0.0023019517	0.7011774848	0.6955058415
7871200	2997	107382	0.0239184445	71.6596596597	8.2908485036	0.322703278	0.7591260099	+-	0.0030856235	0.7937929341	0.7665196296
11910076	2994	75441	0.0168375508	50.3947895792	9.2433504989	0.5860160659	0.6327930963	+-	0.0018618026	0.6602100425	0.6336829088
9897710	2994	21944	0.0048976447	14.6586506346	9.7874989221	0.5163660289	0.5353836612	+-	0.0024261477	0.5225882511	0.5354574682
8122124	2997	135880	0.0302661362	90.6773440107	11.1501087198	0.7012948616	0.706749671	+-	0.0011894819	0.7127897871	0.7067553637
9453192	2991	98022	0.0219212822	65.5446339017	12.0549426981	0.7510525337	0.7660973282	+-	0.0019010179	0.7860569628	0.7661496019
4141155	2997	78749	0.0175406826	52.5518852186	8.5065930973	0.6482084391	0.6622273981	+-	0.0019757157	0.654907453	0.662223087
10275197	2994	136492	0.0304634216	91.1770207081	10.5875251291	0.6595967966	0.7722564653	+-	0.0015623436	0.771505842	0.7817853574
10794878	2994	47316	0.010560379	31.6072144289	10.5736103011	0.6605122953	0.7495980322	+-	0.0023080643	0.7350524869	0.7512449433
10389809	2997	96793	0.0215598331	64.5932599266	16.9876379149	0.5030733733	0.8331552254	+-	0.0025264143	0.8208379365	0.8243541595
4074532	2994	98603	0.0220070389	65.8670674683	12.2861221217	0.7151095649	0.7133667848	+-	0.002827395	0.7314324939	0.71355471
8143757	2997	112373	0.0250301481	74.990323657	12.1616832133	0.4597220302	0.8767902907	+-	0.0016998953	0.8100756982	0.8291769987
4385109	2997	57972	0.0129127793	38.6866866867	11.5010832309	0.7161767347	0.7282050069	+-	0.0020983773	0.7210656236	0.7282097312
6689368	2985	103945	0.0233394407	69.6448911223	9.1283898661	0.5448803522	0.8273703748	+-	0.0019225432	0.8389922399	0.8373681073
7744173	2997	97495	0.0217161977	65.0617283951	14.467810321	0.8182951936	0.8414721478	+-	0.0028519454	0.8202951936	0.8414722684
5022573	2994	104707	0.0233693805	69.9445557782	10.7521518676	0.6378889646	0.7411289138	+-	0.0024360166	0.7712089551	0.7569230144
9205351	2994	36789	0.0082108755	24.5751503006	10.5406795599	0.5617641184	0.5629804784	+-	0.0022820454	0.5779546261	0.5632034646
4941060	2997	112553	0.0250702416	75.1104437771	15.0115629984	0.4593873059	0.8209473736	+-	0.0024463977	0.8269610652	0.8195568523
11703960	2994	95976	0.0214207232	64.1122244489	11.544483401	0.5793726264	0.7756722412	+-	0.0016489193	0.7807824419	0.7740894578
9026766	2997	110004	0.0245024731	73.4094094094	8.6461296679	0.244964964	0.8143986918	+-	0.002611564	0.8215868214	0.8337422832
5563814	2994	57635	0.0128634594	38.5003340013	10.5594281929	0.5975693026	0.6588132497	+-	0.0024431553	0.6651780696	0.6650654331
9508052	2997	80396	0.0179075382	53.6509843177	11.4452464639	0.6807743224	0.6740799867	+-	0.0018652041	0.6852187668	0.6740817447
8548416	2985	53480	0.0120082091	35.8324958124	11.1545101061	0.6283932698	0.6585616349	+-	0.0026797961	0.6561747771	0.659049497
5440746	2994	60240	0.013444865	40.2404809619	11.5157749113	0.6171207243	0.6735822868	+-	0.0022113754	0.6893840317	0.683132047
8452840	2988	28869	0.0064691306	19.3232931727	10.802924784	0.5753222506	0.6228140358	+-	0.0027327298	0.5893732367	0.6231788064
1572353	2997	66644	0.0148443949	44.4738071405	10.3194200967	0.6523695273	0.6375162449	+-	0.0024425427	0.662067002	0.6375502686
9642041	2994	119994	0.0267812605	80.1563126253	22.3045339736	0.7017757097	0.8428552282	+-	0.0019441452	0.8412885141	0.8388226338
2835289	2991	69892	0.0156303917	46.7348712805	12.2064613802	0.5712077821	0.6596321723	+-	0.002252228	0.7065703165	0.6632568626
8241252	2997	104372	0.0232479921	69.6509843177	11.6861396747	0.4329978731	0.7945413614	+-	0.0032789523	0.8032404882	0.807635072
6390205	2994	60314	0.0134613809	40.2899131597	10.1969005202	0.6561173957	0.8101269252	+-	0.0031788744	0.784040354	0.8178543518
11305087	2997	109357	0.0243583592	72.977644311	15.0694720379	0.4720127472	0.7367605702	+-	0.0026148124	0.7618178525	0.7191838707
7839027	2991	77189	0.0172622662	51.6141758609	11.9090613754	0.7253465883	0.8447426227	+-	0.0021089497	0.8343168366	0.8516718787
6677225	2994	157582	0.0351704634	105.265197061	11.5202526995	0.7226885872	0.7283046844	+-	0.0013748202	0.7270219205	0.728305528
5005570	2994	32717	0.0073020526	21.8550434202	11.1735655341	0.5890197491	0.6326831394	+-	0.0022767739	0.6178943523	0.6327880707
6966265	2997	103593	0.0230744763	69.1311311311	11.6398973471	0.5888754398	0.766208583	+-	0.0020412808	0.7856768017	0.7630514915
9388304	2997	50408	0.0112279614	33.6389723056	11.1577709533	0.6930202261	0.7315265174	+-	0.0022720332	0.7295588024	0.7316126539
3745184	2997	67450	0.0150239247	45.011678345	14.8389167066	0.3169757168	0.7251952562	+-	0.0044195119	0.7524259476	0.7121151624
12418274	2994	21695	0.0048420708	14.4923179693	10.8847830742	0.5706853324	0.5874704723	+-	0.0025804061	0.5802551737	0.5876014478
7977261	2991	73305	0.0163936626	49.0170511535	13.4766807211	0.5586637281	0.8256353227	+-	0.0033637202	0.8328800225	0.813136489
11495781	2994	122239	0.0272823183	81.6559786239	12.4882247702	0.7136070328	0.7332540291	+-	0.0014556776	0.7323777232	0.7332597711
2302092	2997	63559	0.0141572369	42.4150817484	13.5949534798	0.4668605741	0.7812392462	+-	0.0034008035	0.7693177189	0.7667755165
11198068	2994	54045	0.0120622133	36.1022044088	13.1868671696	0.3413735955	0.7155765924	+-	0.0035505347	0.7522110459	0.7371995296
3853259	2997	84207	0.0187564066	56.1941941942	11.2563717922	0.6295590144	0.7378121692	+-	0.002250444	0.7652606809	0.7452583131
8696274	2994	121452	0.0271066691	81.130260521	18.6563082274	0.7658512149	0.813361898	+-	0.001470618	0.8082654806	0.8150699861
5123176	2991	124789	0.0279073564	83.4429956536	12.2295885801	0.7545329122	0.7439183533	+-	0.0018766646	0.7575329122	0.7439226142
11255667	2991	39426	0.0088170867	26.3630892678	10.2096209581	0.6134639952	0.6303692281	+-	0.0025120157	0.6231195507	0.6304425356
11498689	2997	78602	0.0175079396	52.4537871205	13.3480862431	0.4193441105	0.8372712467	+-	0.0037659255	0.8289505014	0.8416286601
8545456	2997	72369	0.0161195909	48.2942942943	11.5155176831	0.7410959102	0.7469166141	+-	0.002766279	0.7497238101	0.7469815292
6106771	2997	85288	0.0189971903	56.9155822489	12.962664553	0.3307497083	0.736919667	+-	0.00273792	0.7629864946	0.7485812448
11704155	2997	109124	0.0243064604	72.8221554888	12.4436656817	0.7162335715	0.6943696549	+-	0.0015884629	0.7185669048	0.6943700545
11144556	2991	89764	0.0200744933	60.0227348713	11.8294979521	0.6809991605	0.663534731	+-	0.0021679167	0.6839991605	0.663545621
5283266	2997	93394	0.0208027342	62.3249916583	10.6654975099	0.441599375	0.7903203387	+-	0.003123797	0.8106025428	0.7978649879
3756730	2994	42700	0.0095301417	28.5237140949	10.373818158	0.6554553527	0.633845376	+-	0.0022911298	0.6638923898	0.6339625902
11244501	2997	54451	0.0121285059	36.3370036703	11.6858511241	0.7092278765	0.7199653685	+-	0.0024379453	0.7156559188	0.719979416
7816201	2994	97668	0.0217983578	65.2424849699	12.6564631619	0.6744517029	0.7724286432	+-	0.002197044	0.7688820159	0.7722480793
9519590	2994	48345	0.0107900398	32.2945891784	12.578325819	0.6569969393	0.693894807	+-	0.0026487278	0.7142462056	0.6985415501
9087918	2994	108484	0.0242123628	72.4676018704	12.0853219535	0.7352376654	0.7052378874	+-	0.0024433902	0.7422376654	0.7052527704
11042923	2994	147417	0.0329017541	98.4749498998	12.7536780204	0.8003084645	0.7938728699	+-	0.001592373	0.8023084645	0.7938734875
11084647	2994	52827	0.0117903699	35.2885771543	18.1274798081	0.7074374848	0.7589659058	+-	0.0024101028	0.7703234809	0.7629590453
3431321	2991	67836	0.0151705954	45.3600802407	19.5077445989	0.508463872	0.796683527	+-	0.0029349707	0.7601652283	0.7857328184
7501230	2994	114500	0.0255550638	76.4863059452	11.8943717633	0.2266123512	0.8153844389	+-	0.004073671	0.7992868087	0.7681755449
2854432	2994	54355	0.0121314017	36.3092852371	13.7378675167	0.6306857536	0.6581409378	+-	0.0021845677	0.6840508577	0.6594557048
10680475	2994	98364	0.0219536969	65.7074148297	11.2171550902	0.6863410243	0.6799779409	+-	0.0020801001	0.6996433937	0.680057806
7375612	2997	123706	0.0275544793	82.5532198866	16.2396929335	0.7256473761	0.7588404198	+-	0.0013809909	0.7581307612	0.7593645726
2831632	2976	49382	0.0111552363	33.186827957	9.7553800764	0.6636296384	0.7066338189	+-	0.002286969	0.6798740828	0.7074563443
5770431	2994	98699	0.022028465	65.9311957248	11.6546415882	0.7535398123	0.7557781713	+-	0.0023203698	0.7555398123	0.7557798583
2694741	2997	83920	0.0186924798	56.002669336	18.3938938048	0.4703574981	0.774056788	+-	0.0023735358	0.8193187979	0.8018003562
10395609	2994	85187	0.0190127443	56.9051436206	11.9512196149	0.658180468	0.6448183508	+-	0.0019263631	0.6723583901	0.6448383319
6447430	2988	74125	0.0166103539	49.6151271754	20.0585104519	0.8161921848	0.8143320281	+-	0.0025566632	0.8201921848	0.8143597278
5535061	2994	125986	0.028118605	84.1589846359	8.377510224	0.3570389136	0.7952406705	+-	0.0030487634	0.8123329991	0.7960954198
8190491	2991	60278	0.0134803519	40.3062520896	13.1182585026	0.7722612132	0.7779415841	+-	0.0022828941	0.779838991	0.7779603156
4743626	2985	81410	0.0182795119	54.5460636516	11.4497521702	0.6209786686	0.714467145	+-	0.0023893293	0.7549030301	0.7245724773
7542091	2997	112459	0.0250493039	75.047714381	9.0496331705	0.1962480142	0.8309347024	+-	0.0023411393	0.7894822716	0.7811093309
9722737	2994	105424	0.0235294065	70.4235136941	14.6283817703	0.6519051603	0.7429934823	+-	0.0016428166	0.7511413662	0.7457052609
9410906	2997	40747	0.0090760542	27.1918585252	9.8601853733	0.5563146981	0.5699341047	+-	0.0023921999	0.5580924758	0.5699343028
7272739	2997	89335	0.0198986258	59.6162829496	16.4206966884	0.6291476845	0.7564562893	+-	0.00275202	0.7684505546	0.7504396973
9389122	2994	106740	0.0238231224	71.3026052104	11.028393206	0.6982685808	0.6797149893	+-	0.0018689761	0.7033796919	0.6797170819
9470175	2997	116841	0.0260253578	77.971971972	12.6661508663	0.6186611921	0.8287052581	+-	0.0015953617	0.821853258	0.8323382517
11502581	2997	101728	0.0226590632	67.8865532199	11.651124618	0.7507445582	0.8127244497	+-	0.0028034068	0.7847170188	0.8118777043
4921906	2997	48895	0.0108909533	32.6292959626	12.995346022	0.6475982134	0.6684838472	+-	0.0021636032	0.6818738908	0.6695836901
7685693	2994	33089	0.0073850787	22.1035404142	10.1988669059	0.5730214575	0.7011897271	+-	0.0029858497	0.6033894451	0.7011603775
8800998	2991	22176	0.0049593597	14.8284854564	9.5670236167	0.4961000935	0.4967442469	+-	0.0020954311	0.5015445379	0.497019538
7362751	2994	20713	0.0046228999	13.8363393454	9.2391285339	0.5021373893	0.5344331504	+-	0.0024043486	0.5142596115	0.5344916662
11036301	2997	94905	0.0211392968	63.3333333333	14.1241975304	0.7078539268	0.6881294788	+-	0.0021678457	0.7088539268	0.6881295904
5307780	2994	73977	0.0165108031	49.4168336673	13.6424303516	0.5121250644	0.7207458851	+-	0.0019812736	0.7183000765	0.7225680366
5557368	2994	72011	0.0160720148	48.1035404142	12.1927974653	0.6151769855	0.6680194827	+-	0.0019760602	0.6799146511	0.6713177199
7830460	2970	90240	0.0204673886	60.7676767677	11.6312340452	0.5287152062	0.8259916278	+-	0.0018976853	0.8171188706	0.8269095905
8111387	2988	101202	0.0226779229	67.7389558233	12.8305133801	0.6994238683	0.6779365653	+-	0.0016864873	0.7034238683	0.6779598064
7835348	2991	90675	0.020278226	60.6318956871	11.6016160078	0.6739098982	0.6616966602	+-	0.0019443959	0.6823106854	0.6617263249
6209824	2985	55655	0.0124965758	37.2897822446	9.8302967079	0.6014135518	0.6310266051	+-	0.001989332	0.6125024407	0.6311849649
8555573	2997	79675	0.0177469414	53.1698365032	10.6347576316	0.1869054599	0.7811621062	+-	0.0038476692	0.7957531169	0.7872287988
11151970	2994	57207	0.0127679348	38.2144288577	12.3155918816	0.638410965	0.6545864145	+-	0.0022319357	0.6575612295	0.6546132647
10727655	2997	114181	0.025432865	76.1968635302	10.9126326063	0.2490751197	0.7726286667	+-	0.0027957256	0.799186442	0.7796674271
8977390	2991	145681	0.032579567	97.4129053828	11.8230469675	0.5229781022	0.7348120073	+-	0.0016679766	0.7578478423	0.7531582341
5296877	2997	130533	0.0290751366	87.1091091091	2.9894537347	0.0832335719	0.8264611236	+-	0.0038679051	0.8396816316	0.828281853
5733384	2985	155945	0.0350153358	104.485762144	14.2781840391	0.7303378751	0.7102273492	+-	0.0012964919	0.7353378751	0.7102472964
4937350	2994	73179	0.0163326988	48.8837675351	12.0123605859	0.7030234048	0.7140308697	+-	0.0022668618	0.7327453337	0.714284561
10229723	2994	87950	0.0196294136	58.7508350033	16.3898564223	0.757638213	0.7633750864	+-	0.0017106821	0.759638213	0.7633772637
12104285	2997	113583	0.0252996655	75.7977977978	10.8613167348	0.6931074601	0.6712937324	+-	0.0020695914	0.6967741267	0.6712946537
6359771	2994	27995	0.0062481573	18.7007348029	10.9138418577	0.6076887696	0.6359519631	+-	0.0023787134	0.6187570236	0.6360554021
6370361	2994	147926	0.0330153569	98.8149632599	14.656832444	0.7691355016	0.7673599955	+-	0.0013987193	0.7711355016	0.7673606726
2159783	2997	88522	0.0197175369	59.0737404071	15.7542561611	0.716281038	0.7625652411	+-	0.0021056221	0.782857582	0.7657951631
7387296	2976	104640	0.0236378422	70.3225806452	13.7902375255	0.7258722176	0.7088277788	+-	0.0016691768	0.7346499954	0.7090091456
7697065	2997	39106	0.0087105352	26.0967634301	10.9566083874	0.5573667154	0.6862591149	+-	0.0028853176	0.6760088754	0.6879866328
3972629	2997	51606	0.0114948059	34.4384384384	13.7138568327	0.6864706346	0.7443242075	+-	0.0023297119	0.7276628775	0.7458853222
9947924	2994	114685	0.0255963536	76.6098864395	11.4077626178	0.650877425	0.7089451944	+-	0.0020781545	0.7447312974	0.7115657107
10711938	2994	48965	0.0109284166	32.708750835	17.241687919	0.5893876484	0.6868679955	+-	0.002937506	0.7253224521	0.693161716
11410485	2994	53972	0.0120459206	36.0534402138	15.1641035381	0.6823936887	0.780196541	+-	0.002726921	0.7258354141	0.7826977792
8004839	2994	32791	0.0073185685	21.9044756179	10.9941334721	0.6125834997	0.6420765134	+-	0.002316118	0.6175834997	0.6421005418
7709086	2994	95006	0.0212042305	63.464261857	16.5653829088	0.5280750296	0.7667926401	+-	0.0019792894	0.7809926305	0.7758268881
7199353	2997	92154	0.0205265345	61.4974974975	16.2597423402	0.7627858583	0.7876832411	+-	0.0024685215	0.804407192	0.7893731728
9350889	2991	130741	0.02923844	87.4229354731	10.6678066125	0.6984012429	0.690415444	+-	0.0017827568	0.7086988897	0.6904217918
5951553	2994	54720	0.0122128654	36.5531062124	10.4768652694	0.6304245626	0.6220480219	+-	0.0024167319	0.6362467848	0.6220686665
8053107	2994	112306	0.0250653886	75.0207080828	14.1970244639	0.7012413821	0.6848248853	+-	0.0016653858	0.7032413821	0.6848265154
2717423	2994	61921	0.0138200446	41.3633934536	16.0320257147	0.6190984791	0.7758055479	+-	0.0023830995	0.7792197591	0.7800991597
9639491	2994	60667	0.0135401664	40.5257181029	10.0506219363	0.6513230227	0.6612223362	+-	0.0020571222	0.672782282	0.6613259976
7518816	2994	59966	0.0133837114	40.0574482298	12.5733191452	0.6131652198	0.7210376489	+-	0.0019745157	0.7264038264	0.7198613048
11245381	2997	120145	0.0267612962	80.1768435102	11.4298163175	0.4950389816	0.8205190397	+-	0.0024291746	0.83088034	0.8243977045
9108579	2991	67694	0.015138839	45.2651287195	11.6098081039	0.702760193	0.7201519768	+-	0.0022547797	0.7224398708	0.7201864191
9110213	2997	100713	0.0224329804	67.2092092092	12.0446741832	0.7556957769	0.7931020729	+-	0.0021019438	0.7751148245	0.7931183329
9353234	2985	56825	0.0127592835	38.0737018425	15.4318121931	0.709016241	0.7250461738	+-	0.0020204111	0.7246437693	0.7254069956
8579707	2991	119007	0.026614291	79.5767301906	13.6987800286	0.7238913098	0.6970146953	+-	0.0016723356	0.7268913098	0.6970203348
7879404	2994	38459	0.0085836	25.6907147629	13.0946394822	0.6532536669	0.6956949224	+-	0.0029485212	0.6640536669	0.6957256005
10724533	2994	88845	0.0198291672	59.3486973948	20.0163849474	0.6259320399	0.7780488235	+-	0.0019383627	0.8008799416	0.7829115392
5651175	2988	49155	0.0110149335	32.9016064257	10.8981636483	0.6697541713	0.6993552784	+-	0.0022961713	0.6984554968	0.6996926636
12267718	2994	156390	0.0349044229	104.468937876	12.5109065179	0.7158695226	0.7552707791	+-	0.0010867046	0.761720382	0.7557475566
11154110	2991	66925	0.0149668627	44.7509194249	11.5446257181	0.731748093	0.7497504022	+-	0.0016253084	0.7419925374	0.7497652387
12071741	2994	40146	0.0089601187	26.8176352705	10.767087005	0.6409598329	0.6703636793	+-	0.002420963	0.6682549212	0.6704834802
9700154	2997	77342	0.0172272851	51.6129462796	12.2759984845	0.5082079367	0.7224425223	+-	0.0017770902	0.7373738122	0.730796329
5459373	2997	79623	0.0177353589	53.1351351351	12.835867741	0.7450789957	0.7678016649	+-	0.0016896299	0.7513357298	0.7678257196
12066630	2991	88345	0.0197571533	59.0738883317	12.2759397985	0.2613475345	0.755664502	+-	0.0034316694	0.7967358396	0.7770345575
9414905	2994	89287	0.0199278164	59.6439545758	8.7210749457	0.2867856647	0.7235231538	+-	0.0020287216	0.7263030415	0.7183317716
7173910	2997	92729	0.020654611	61.8812145479	11.967455361	0.4343645697	0.779743432	+-	0.0038641983	0.7869216773	0.7877030911
10916675	2994	138809	0.0309805489	92.7247828991	13.803519468	0.7950207441	0.7823272616	+-	0.0020784186	0.8010207441	0.7823362322
4569923	2994	62126	0.0138657982	41.5003340013	12.6401369249	0.6615256325	0.6601306637	+-	0.0020954716	0.6716097595	0.6601440981
8311255	2991	80729	0.0180539389	53.9812771648	10.8626076411	0.769532845	0.7859438743	+-	0.0016210696	0.7929545622	0.7863262349
4249218	2994	83003	0.018525301	55.4462257849	10.8567335337	0.6445011571	0.6408912232	+-	0.0018562557	0.6541789349	0.6409121003
4762887	2991	75224	0.0168228207	50.3002340354	10.5111071397	0.7281183838	0.7271001376	+-	0.0022925975	0.7368048917	0.7271219619
8035743	2985	13822	0.0031035427	9.2609715243	9.6237133006	0.4266590402	0.4537886861	+-	0.0029774894	0.4430558656	0.4539270254
5259926	2994	64368	0.0143661864	42.997995992	10.0955954385	0.7016012323	0.7305777172	+-	0.0023808656	0.718739063	0.7306255984
2017803	2997	65172	0.0145165192	43.4914914915	12.1704911769	0.6225156727	0.6534698724	+-	0.0024696132	0.6777887633	0.653920548
8703528	2997	119204	0.0265516963	79.5488822155	8.4261917648	0.1426845586	0.9111340764	+-	0.0023801533	0.8364259517	0.8301371848
2851474	2961	45616	0.0104091934	30.8112124282	10.7631911664	0.6219750466	0.6743751973	+-	0.0026647935	0.6645835186	0.6786526334
10809970	2994	88812	0.019821802	59.3266533066	12.2882359948	0.7374939585	0.7447220241	+-	0.0027648063	0.7406050696	0.7447256863
6467389	2994	66917	0.0149350935	44.7007348029	21.2405611352	0.624518704	0.7000508208	+-	0.0021561233	0.7269119291	0.7023050611
11924311	2994	79014	0.0176350027	52.7815631263	21.7773468215	0.7487883401	0.845170421	+-	0.0019038743	0.8339704389	0.8500547172
4945857	2997	97147	0.0216386836	64.8294961628	18.8841819596	0.6256534956	0.7784409265	+-	0.0025146713	0.7791246121	0.7887382442
3448245	2994	63570	0.0141880821	42.4649298597	10.7278249206	0.6975495446	0.7805019509	+-	0.0028256908	0.7886845663	0.7919385546
3837677	2994	89213	0.0199113005	59.5945223781	10.0150858609	0.6367391153	0.649896034	+-	0.0016512346	0.6418502264	0.6498994226
3848042	2994	71572	0.0159740352	47.8102872411	11.1346602647	0.6649209762	0.6482103523	+-	0.0021774824	0.6752860556	0.6482351192
10292413	2994	116315	0.0259601506	77.6987307949	10.7542640321	0.585974743	0.8141780877	+-	0.0014768807	0.8448827857	0.8444916488
8265951	2994	120891	0.0269814604	80.755511022	14.7524146605	0.3570054125	0.7903437267	+-	0.0030824899	0.7966939423	0.7696312726
11342032	2991	42628	0.0095331703	28.5041792043	17.7687456707	0.6315729437	0.6734909417	+-	0.0018809333	0.6831410547	0.6748407143
7877062	2994	103845	0.0231769921	69.3687374749	11.8100604339	0.6785005393	0.6806175986	+-	0.001939905	0.6917682642	0.6806275402
8192840	2994	101938	0.022751372	68.0948563794	10.6306473794	0.3856033806	0.7560267867	+-	0.0031379959	0.7947343314	0.7741508619
3127873	2991	76485	0.0171048262	51.1434302909	19.3822903268	0.3536965862	0.7667870379	+-	0.0031353341	0.7777421659	0.7752200413
11460346	2994	32281	0.0072047425	21.5637942552	9.9877340678	0.6070233025	0.6387901306	+-	0.0026961876	0.6389193781	0.6394331177
5369419	2994	78432	0.0175051071	52.3927855711	10.7745869923	0.656884599	0.6829722572	+-	0.0025771206	0.7047879975	0.6865735379
10357852	2994	37240	0.0083115334	24.8764195057	10.5759017699	0.616454751	0.6466099582	+-	0.0024814688	0.630854751	0.6467181686
11716688	2994	31872	0.0071134585	21.2905811623	10.2332513909	0.6007029874	0.6129098448	+-	0.0029907117	0.6093140985	0.6129315895
11442348	2997	103180	0.022982484	68.8555221889	12.7780479867	0.7836141169	0.8115506094	+-	0.0019458813	0.7897063728	0.8115585275
4843222	2994	64204	0.0143295835	42.8884435538	11.2887332654	0.702594404	0.7020640944	+-	0.0022311485	0.712694404	0.7020699597
6529902	2997	21316	0.0047479611	14.2248915582	9.2388733779	0.513494396	0.5223151206	+-	0.0025295765	0.514494396	0.522313413
6838978	2991	103478	0.0231414422	69.1929120695	10.2017316017	0.2245748289	0.7932336731	+-	0.0037776215	0.8380306469	0.8400811801
5790912	2997	101550	0.0226194151	67.7677677678	14.5161985366	0.5366072686	0.8053807141	+-	0.0030211905	0.7884159203	0.7920021815
8382182	2985	39581	0.008887377	26.5199329983	9.9687722009	0.5529410414	0.5984935339	+-	0.0022678667	0.5645696128	0.5988279046
7512381	2997	97881	0.021802176	65.3193193193	14.7436898501	0.4484073754	0.8456969867	+-	0.0017610546	0.8073606024	0.7917745822
12458133	2994	121037	0.0270140459	80.8530394122	10.9875213704	0.7080783767	0.7118046953	+-	0.0017740676	0.7247705803	0.7119018507
9179806	2994	55335	0.0123501262	36.9639278557	14.9519692443	0.6631567086	0.7249575431	+-	0.0024173581	0.7352115349	0.7293769553
7339123	2994	60075	0.0134080389	40.130260521	13.2900916232	0.6943402153	0.7628784688	+-	0.0022466135	0.7467500115	0.7649005602
5699617	2997	82177	0.018304241	54.8395061728	10.1676165454	0.4974776713	0.7464066071	+-	0.0029422537	0.7821546681	0.7625346055
7973882	2994	15899	0.0035484713	10.6205744823	10.4347709467	0.4962209961	0.5206328903	+-	0.0028442394	0.5102971865	0.521107276
4819564	2991	45601	0.0101980412	30.492143096	9.9324792167	0.6169523791	0.6241312244	+-	0.0022277629	0.6306058182	0.6242127811
10557008	2997	89257	0.019881252	59.5642308976	14.4198619736	0.6761688951	0.7530710022	+-	0.0028945433	0.7750884967	0.7583648112
7217866	2997	99608	0.0221868508	66.4718051385	12.2427039387	0.7625784059	0.7826335658	+-	0.0029483426	0.7790784059	0.7826518104
9840412	2988	120860	0.027083	80.8969210174	14.9632256008	0.609516307	0.7432374608	+-	0.0020272235	0.7830580837	0.7453955414
12689656	2988	34667	0.0077683796	23.2041499331	12.1460423322	0.5912156302	0.7143707983	+-	0.0025960957	0.6674427794	0.7224037523
5426665	2997	69539	0.015489232	46.4057390724	11.2284182267	0.7192804295	0.7507526866	+-	0.0029704486	0.7368312953	0.7507868572
6128248	2997	76406	0.017018799	50.988321655	11.7050827263	0.5390980144	0.7525050714	+-	0.0029528929	0.764788533	0.752303913
4244929	2994	76650	0.0171073855	51.2024048096	16.7696834299	0.5306390293	0.7435927363	+-	0.0028962017	0.7347820856	0.7130640771
10032935	2994	116211	0.025936939	77.629258517	8.0994186326	0.3004611824	0.7388392066	+-	0.0030198651	0.7398686741	0.7383405352
9466316	2997	43014	0.0095810096	28.7047047047	14.634988665	0.5550200658	0.6306776146	+-	0.002496526	0.6629976125	0.6417316235
7119876	2997	93441	0.0208132031	62.3563563564	11.0241837605	0.2810568425	0.7137708101	+-	0.0030025952	0.7520883258	0.7109717467
9097798	2994	91542	0.0204311061	61.1503006012	12.3307138535	0.608674097	0.6179074279	+-	0.0017410549	0.6354410624	0.6181740984
7282128	2994	62872	0.0140322967	41.9986639947	12.553771645	0.6846201516	0.780717578	+-	0.0022467688	0.7761689388	0.7840400443
9995660	2997	77244	0.0172054565	51.5475475475	12.7111250463	0.7338046462	0.729981841	+-	0.0023264844	0.7509244336	0.7301132787
10355671	2994	19667	0.0043894449	13.1376085504	11.2680947145	0.5113773197	0.5451752035	+-	0.003090642	0.5258807589	0.5453186455
10226388	2991	98762	0.0220867731	66.0394516884	14.4572831175	0.7334400939	0.6939211011	+-	0.0021031931	0.740551205	0.6939297536
8957887	2994	121559	0.0271305502	81.2017368069	12.6728583234	0.7641731808	0.7806939082	+-	0.0026799497	0.7992218581	0.7807506047
10616829	2982	86669	0.019499531	58.128101945	9.1785735269	0.6151426	0.6258050794	+-	0.0014958322	0.6211426	0.6259573453
7031714	2985	16511	0.0037073212	11.0626465662	9.595650895	0.4465113027	0.451486269	+-	0.0020046546	0.4565335249	0.4547824343
6353203	2991	66398	0.0148490063	44.3985289201	10.0759764311	0.6061241071	0.6125255266	+-	0.0017011093	0.6091241071	0.6125485242
12785282	2988	63195	0.014161097	42.2991967871	7.7179943657	0.5473605122	0.5387674645	+-	0.0014183036	0.5533605122	0.5388599476
9644680	2991	137238	0.0306914053	91.7673019057	7.742742354	0.70053379	0.7032781806	+-	0.0012508703	0.70353379	0.7032836689
10275747	2994	149015	0.033258409	99.5424181697	6.0935930122	0.4471095407	0.6875914116	+-	0.0011875494	0.7300238551	0.7094347374
3557341	2997	7281	0.001621782	4.8588588589	11.7277949931	0.3877397271	0.4054263166	+-	0.0038382229	0.391628616	0.4056122449
10363300	2985	47729	0.0107169	31.9792294807	7.5389265551	0.5705803171	0.5714638073	+-	0.0020440004	0.5769136504	0.5717877218
4358206	2979	46828	0.0105569973	31.4387378315	8.5612067098	0.582204265	0.6008184384	+-	0.0016780501	0.589204265	0.6016709558
4169521	2982	167849	0.0377641	112.574782025	7.4631756457	0.6383946325	0.6387142513	+-	0.0008946308	0.6443946325	0.6387554603
5774375	2976	115764	0.0261507184	77.7983870968	10.6171861728	0.6681012844	0.6818291112	+-	0.0017601326	0.6853235066	0.6820108803
7258889	2985	75393	0.0169284762	50.5145728643	8.1898431867	0.6027010658	0.6130129467	+-	0.0012792745	0.6077010658	0.613122257
10858720	2985	233670	0.052467431	156.56281407	7.3168043881	0.692364031	0.6933624054	+-	0.0008414871	0.6980306977	0.6933730749
10743597	2634	134629	0.0388241526	102.223993926	13.6840815336	0.5237090895	0.7953367077	+-	0.0023912472	0.6507646451	0.9447616023
11076176	2988	64372	0.0144248459	43.0870147256	9.7307676625	0.6079903272	0.6252130526	+-	0.002062325	0.6119903272	0.6252824273
11347875	2919	164818	0.0387003821	112.927714971	11.8424208752	0.718124268	0.7763483646	+-	0.0016687472	0.7624542584	0.7788575115
9419603	2988	145527	0.0326105224	97.4076305221	7.1568406644	0.6481412856	0.6351045089	+-	0.0012931416	0.6521412856	0.63511993
3218683	2988	81903	0.0183532926	54.8212851406	7.970465864	0.6206139733	0.6302708919	+-	0.0016084317	0.6246139733	0.6303185629
2165352	2685	64306	0.0178465671	47.9001862197	11.4745867123	0.3945521625	0.4929519088	+-	0.0026465085	0.5013299403	0.9917587783
5215999	2961	73921	0.01686816	49.9297534617	8.4695521509	0.6357480274	0.6396585023	+-	0.001673561	0.6487480274	0.6419791888
11904038	2988	47000	0.0105320288	31.4591700134	10.4188445474	0.5828528377	0.5949991503	+-	0.0016193717	0.5868528377	0.5951414934
2695740	2949	119084	0.0273956215	80.7622923025	7.9501815983	0.682390523	0.7002230429	+-	0.0013965922	0.703422269	0.7019953303
9021397	2991	66441	0.0148586227	44.4272818455	8.5059610867	0.5964927029	0.6034465402	+-	0.0015138912	0.5994927029	0.6034737268
5077994	2994	73751	0.0164603625	49.2658650635	5.044508215	0.2728470252	0.6190177117	+-	0.0022306038	0.6890591758	0.6743601486
6865626	2988	114794	0.025723696	76.8366800535	7.1955005838	0.6116543817	0.5968503706	+-	0.0013723596	0.6156543817	0.5968762351
11404698	2988	118456	0.0265442979	79.2878179384	13.6750455516	0.6775562581	0.7040589134	+-	0.0020509463	0.6815562581	0.7040742914
3954211	2991	101176	0.0226266313	67.6536275493	8.3465198611	0.5973458725	0.6244433532	+-	0.0018319075	0.6003458725	0.6244534708
10661783	2982	86249	0.0194050358	57.8464118042	7.5442720601	0.5679901761	0.5537708007	+-	0.0017994083	0.5739901761	0.5539570849
6692340	2988	33241	0.0074488334	22.249665328	9.0278323717	0.5989138172	0.5908916995	+-	0.0023327684	0.6062915949	0.5912089709
10216186	2991	131493	0.0294066145	87.925777332	9.412226508	0.7068529105	0.7153994721	+-	0.0013253586	0.7098529105	0.7154049432
9098590	2964	34085	0.0077621752	22.9993252362	8.6766828359	0.5523629497	0.5657398375	+-	0.0026775274	0.5662518385	0.574961103
8868650	2937	106800	0.0247708695	72.7272727273	7.55674057	0.6245592275	0.6360672214	+-	0.0016951996	0.6617503771	0.6411391978
10905804	2988	133413	0.029895948	89.2991967871	7.3062791381	0.6811547617	0.6676987028	+-	0.0016716744	0.6851547617	0.6677158121
9083523	2985	148680	0.0333840786	99.6180904523	9.4665133254	0.7279394261	0.7316373042	+-	0.0010430256	0.7337172039	0.7316602235
6432059	2979	63277	0.0142652925	42.4820409533	10.5500676165	0.5674358221	0.6285880529	+-	0.0023730801	0.5744358221	0.6289293076
9402652	2985	269651	0.0605464768	180.670686767	7.5449617925	0.7234090367	0.7314577602	+-	0.0005312828	0.7284090367	0.731465047
11017077	2988	134885	0.0302258022	90.2844712182	9.2887056432	0.6955718974	0.7006655126	+-	0.0012160913	0.6995718974	0.7006804937
2577756	2985	53995	0.0121238453	36.1775544389	8.2508879068	0.6044168489	0.6291581201	+-	0.0019236304	0.6106390711	0.6293563099
12268220	2934	45737	0.0106298099	31.1772324472	8.3618871916	0.5426005628	0.5468726117	+-	0.0020324653	0.5646005628	0.5840164852
5218441	2982	12902	0.002902802	8.6532528504	9.9011554007	0.3871901088	0.4990213	+-	0.0052179221	0.3938234421	0.4990674474
3557421	2994	131290	0.0293023959	87.7020708083	7.4664645182	0.6521710289	0.6587523553	+-	0.0013767268	0.6541710289	0.6587537113
3743834	2994	145456	0.0324640817	97.16499666	7.515487152	0.6680722257	0.685230088	+-	0.0013663765	0.680705559	0.6852305855
5809827	2982	157397	0.0354125198	105.564721663	7.5722373188	0.6293710572	0.6230547024	+-	0.0008076804	0.6361488349	0.6231053416
5120793	2994	55604	0.0124101639	37.1436205745	9.5735796875	0.4906313986	0.9609986044	+-	0.0016451193	0.4927425098	0.9609984455
8953296	2988	151663	0.0339855124	101.514725569	8.3897103371	0.7003006169	0.702554967	+-	0.0014491461	0.7043006169	0.7025667103
3832716	2982	75313	0.0169445613	50.5117370892	8.2211731556	0.5947329963	0.606931395	+-	0.0015450667	0.6035107741	0.6071432064
8242681	2928	48579	0.0113366509	33.1823770492	8.4389486791	0.5508726501	0.5562499476	+-	0.002136806	0.5756504279	0.5942772272
7584826	2994	85123	0.0189984602	56.8623914496	6.9058174896	0.4696722361	0.6800012421	+-	0.0018488423	0.7182962213	0.6991070014
8893936	2940	159660	0.0369555103	108.612244898	7.1100954659	0.6398662215	0.6629328768	+-	0.0012050338	0.6785633836	0.6647321772
8234477	2940	80490	0.0186305213	54.7551020408	7.4071036731	0.5936925397	0.5870321929	+-	0.0014447764	0.6136925397	0.5953807845
6606653	2961	69143	0.0157778599	46.7024653833	7.789651643	0.5583783627	0.5509953237	+-	0.0012469811	0.5797339183	0.5542917632
5471619	2985	121621	0.0273083469	81.4881072027	7.3915256755	0.6532668539	0.6486389107	+-	0.0013429816	0.6582668539	0.6486803231
9237149	2991	17804	0.0039816216	11.9050484788	9.0767057043	0.4544213426	0.4637594054	+-	0.0021282672	0.4581991203	0.4642578919
8112013	2973	60817	0.0137661112	40.9128826102	8.1819814024	0.5651637661	0.5598999965	+-	0.0014382708	0.5796637661	0.5612284269
3730067	2994	132389	0.0295476798	88.4362057448	7.952260579	0.6979209067	0.7212716328	+-	0.0008951697	0.7043986845	0.7212724124
3339563	2985	49741	0.0111686673	33.3273031826	8.1937933802	0.6082128542	0.6202141981	+-	0.0015990834	0.6132128542	0.6204953935
12157987	2991	147712	0.0330337724	98.7709796055	7.5239776793	0.7117873385	0.7176323576	+-	0.0010739729	0.7147873385	0.7176369158
8081389	2976	103296	0.0233342369	69.4193548387	7.1651490919	0.62366313	0.623556866	+-	0.0010872443	0.63166313	0.623812695
8113154	2994	31547	0.0070409222	21.0734802939	8.1214864373	0.4604906034	0.623171349	+-	0.011354305	0.4612683812	0.623168663
9541127	2994	142251	0.0317487631	95.0240480962	6.659915155	0.5187286233	0.7180775085	+-	0.0010340568	0.7342042285	0.7271945112
7506446	2994	134034	0.0299148246	89.5350701403	7.9548709712	0.7069264338	0.7179162263	+-	0.0008686969	0.7134597672	0.7179170392
10090151	2991	24501	0.0054793142	16.3831494483	9.3638071431	0.4940090994	0.5257525348	+-	0.0030096626	0.4950090994	0.5257552121
11652545	2991	107378	0.0240136239	71.80073554	11.4014136599	0.6572765334	0.6686754577	+-	0.001500263	0.6612765334	0.6686848679
7690843	2985	66158	0.0148548821	44.3269681742	7.3856370624	0.5935335856	0.5751482288	+-	0.0015843805	0.5985335856	0.575306243
3228863	2988	119589	0.0267981871	80.046184739	7.1692046458	0.6135610427	0.5935026164	+-	0.0015350685	0.6175610427	0.5935267194
7740302	2982	111885	0.0251728418	75.0402414487	7.5091636636	0.6379737506	0.6281131461	+-	0.0016100126	0.6453070839	0.628210318
8242350	2937	32712	0.0075871225	22.2757916241	10.9741837549	0.4522538595	0.5547409536	+-	0.0043700623	0.5272941509	0.608825189
4647652	2985	155429	0.034899475	104.140033501	7.4152296005	0.7118265704	0.7097383016	+-	0.0013593973	0.7178265704	0.7097616245
9142964	2991	149453	0.0334231233	99.9351387496	8.9646199533	0.7033194273	0.7008403615	+-	0.0015077923	0.7063194273	0.7008450002
8285349	2988	122622	0.027477839	82.0763052209	7.9574625087	0.6719807965	0.6753836005	+-	0.0012749234	0.6759807965	0.6754029356
7431703	2991	132348	0.0295978236	88.4974924774	7.9156772618	0.7054626291	0.7212628954	+-	0.0013795994	0.7135404069	0.7212680443
9489411	2907	152904	0.0361999692	105.197110423	11.4988824869	0.7095808401	0.7488087949	+-	0.000664581	0.7563015731	0.7545939954
8155368	2988	45230	0.0101353971	30.2744310576	9.1971899976	0.5866051828	0.6467409885	+-	0.0027549242	0.5913829606	0.6468604917
12218858	2991	53088	0.0118724065	35.4984954865	10.3071618234	0.612669266	0.6237159386	+-	0.0017293113	0.616669266	0.6237566762
7836330	2985	34528	0.0077527944	23.1343383585	8.8953326648	0.5805233322	0.6040187367	+-	0.0021473153	0.5855233322	0.6045389176
12554536	2994	147213	0.0328562236	98.3386773547	3.2247320155	0.1801104947	0.7374072365	+-	0.0036864034	0.8337663679	0.7957895296
3347485	2898	110708	0.0263731573	76.4030365769	9.3335550234	0.6518940891	0.7161163763	+-	0.00085464	0.7311500771	0.7318113282
9392702	2928	33392	0.0077925327	22.8087431694	11.8876402639	0.6058764786	0.6456336966	+-	0.0031000512	0.6998594259	0.7078697377
12257908	2964	248455	0.056580644	167.648448043	7.2447111343	0.6896640973	0.7151756306	+-	0.0007894091	0.7160085418	0.7153145658
8913061	2988	139878	0.0313446622	93.6265060241	6.6932753667	0.5868666871	0.6330293072	+-	0.0016260984	0.666486879	0.6346950558
5785586	2991	95520	0.0213617441	63.8716148445	8.4344847294	0.6148076547	0.6259128393	+-	0.0016536663	0.6178076547	0.6259242213
8737796	2985	60379	0.013557286	40.4549413735	7.3931216023	0.4901469184	0.8182906442	+-	0.0070572703	0.4969802518	0.8182914119
8218274	2982	67867	0.0152692966	45.5177733065	7.6396944842	0.5668591515	0.5556266696	+-	0.0013746272	0.5728591515	0.5559514295
11560447	2991	109783	0.0245514693	73.4088933467	6.8666241949	0.643496352	0.613225489	+-	0.002482855	0.646496352	0.6132341993
3954798	2985	149490	0.0335659531	100.16080402	7.6677053411	0.6944709369	0.6958837271	+-	0.0012178598	0.7034709369	0.6959072018
4574310	2979	145851	0.0328809389	97.9194360524	7.0185542611	0.6437084848	0.636939592	+-	0.0011326984	0.6527862626	0.6370276831
8608310	2985	92377	0.0207420031	61.8941373534	6.9079942404	0.6264231696	0.6379993569	+-	0.0018339447	0.6332009474	0.6380713321
7938870	2991	123854	0.0276982564	82.8177866934	8.4961409814	0.6559564439	0.6477420359	+-	0.001684182	0.6609564439	0.6477491885
7177892	2979	69872	0.0157520824	46.909701242	7.6064222757	0.555980539	0.5448459241	+-	0.0012952906	0.562980539	0.5452982883
10937609	2961	115479	0.0263513514	78	7.9407048386	0.6115215604	0.5988625684	+-	0.0011724154	0.6245215604	0.5999108423
6669809	2988	156765	0.0351287977	104.929718876	7.2586342722	0.6854355907	0.6672578778	+-	0.0016245362	0.6894355907	0.6672703852
4455763	2988	31920	0.0071528162	21.3654618474	10.6974816423	0.5135853597	0.5586536581	+-	0.0024759037	0.518307582	0.5589299828
10924462	2994	132911	0.0296641841	88.7849031396	9.1624532027	0.6943438492	0.7039141538	+-	0.0011417633	0.6963438492	0.7039154519
8509469	2979	22261	0.005018564	14.9452836522	9.3735338046	0.4498599651	0.5170798893	+-	0.002583993	0.4568599651	0.5204286462
8262223	2976	140800	0.0318062709	94.623655914	7.0207054383	0.6331465037	0.6420713942	+-	0.0013185433	0.6425909481	0.6422194185
5374999	2997	128146	0.0285434522	85.5161828495	5.0116170372	0.3271087378	0.6569367764	+-	0.0015828805	0.7077289377	0.6647689655
5088735	2994	9788	0.0021845674	6.5384101536	10.571278631	0.3829517276	0.4579584238	+-	0.0051377636	0.3917295054	0.4579971574
9151972	2997	168994	0.0376420034	112.775442109	3.4426011523	0.2179708964	0.6535166465	+-	0.0019206615	0.7221055308	0.6912209012
11230837	2991	86833	0.0194190151	58.0628552324	8.3982722393	0.6232553305	0.6264583963	+-	0.001603866	0.6262553305	0.6264728541
5792093	2991	111861	0.0250161857	74.7983951856	8.0165571357	0.6668537655	0.6576054847	+-	0.0010284181	0.6698537655	0.6576146978
5211385	2976	162247	0.0366510798	109.036962366	8.3026596697	0.7154254154	0.7229378133	+-	0.0012034784	0.7234254154	0.7230300029
7433513	2991	47162	0.0105471375	31.5359411568	7.1049474569	0.2056758275	0.5981431207	+-	0.0046034366	0.6433056841	0.6073453859
9602542	2979	172382	0.0388621402	115.731453508	7.3049934107	0.6428480746	0.6260680182	+-	0.0010919741	0.6508480746	0.6261363968
10861842	2991	110323	0.024672233	73.7699765965	7.8399620248	0.6776626981	0.6879022127	+-	0.0010358895	0.6816626981	0.6879106937
11616594	2805	151716	0.038578959	108.17540107	8.2219951209	0.6273285597	0.6852509965	+-	0.0016967867	0.7263260347	0.7493444046
9788457	2985	129280	0.0290280715	86.6197654941	9.0814177775	0.6629620975	0.6501952421	+-	0.0016617897	0.6679620975	0.6502330897
7938468	2967	206560	0.0469448037	139.238287833	5.1882700188	0.4525961112	0.7180867678	+-	0.0013781021	0.7823386378	0.7394131176
9118340	2991	9826	0.0021974508	6.5703778001	10.3785593087	0.3925920411	0.4337249432	+-	0.0036389435	0.3941475966	0.4337345052
8240109	2964	123738	0.0281788482	83.4939271255	8.9231544813	0.6773562864	0.6863136486	+-	0.0010692462	0.6931896197	0.6869287463
9657096	2970	164098	0.0372191659	110.503703704	7.3854930427	0.6317102154	0.6300145508	+-	0.0010378733	0.6452102154	0.6302413283
8074045	2991	83676	0.0187129952	55.9518555667	8.0746920066	0.6226795684	0.6167061248	+-	0.0014773922	0.6256795684	0.6167236055
6962901	2829	156545	0.0391342346	110.671615412	8.8724530075	0.6038363405	0.8131372844	+-	0.0046383885	0.614028404	0.8131342267
4947528	2991	103940	0.0232447622	69.5018388499	7.3131233492	0.6018106979	0.5734266474	+-	0.0017168226	0.6048106979	0.5734386824
9356753	2997	166673	0.03712502	111.226559893	5.5181111469	0.4208752111	0.6988167473	+-	0.00257114	0.7588699846	0.7506760236
9472174	2994	275404	0.0614669589	183.970607882	7.3280504123	0.7114139442	0.7423760167	+-	0.0004721326	0.7477504521	0.7423775606
3558822	2979	142345	0.0320905393	95.565626049	7.4079297452	0.678905735	0.6744209559	+-	0.0014928627	0.685905735	0.6745113803
11097678	2985	166600	0.0374077717	111.62479062	7.1283684763	0.6538848103	0.647241011	+-	0.0015494361	0.6588848103	0.6472649194
8248812	2988	137318	0.0307710028	91.9129852744	7.0476475523	0.6207586037	0.5962798247	+-	0.0016559958	0.6247586037	0.5962984144
3735597	2970	76309	0.0173076901	51.3865319865	7.9125499976	0.5908428664	0.6029848039	+-	0.0016748153	0.6008428664	0.6041208172
7532973	2967	62597	0.0142263937	42.1954836535	7.672294722	0.5470333572	0.5500102712	+-	0.0016798837	0.5599778016	0.552358931
4949770	2976	144939	0.0327412578	97.4052419355	8.1506277171	0.7006989493	0.7097662537	+-	0.0012907852	0.7086989493	0.7098842396
6852488	2961	85201	0.0194421625	57.5488010807	8.2674195408	0.6165823298	0.6186830361	+-	0.0013507783	0.6322489964	0.6205461994
11724091	2976	39210	0.0088574139	26.3508064516	8.7222334036	0.54279013	0.5159842566	+-	0.0017637908	0.55079013	0.5182753
10547209	2964	137174	0.0312386277	92.5600539811	9.1518907742	0.6898310542	0.70287638	+-	0.0012093506	0.7046643875	0.7033438101
9711267	2979	12825	0.0028912935	8.6102719033	10.3017256181	0.404790527	0.4351486396	+-	0.0022655798	0.4165683048	0.4505299271
6302051	2988	105204	0.023574714	70.4176706827	7.7507453417	0.6432430502	0.6454494312	+-	0.0015249665	0.6472430502	0.6454763787
9091810	2997	133879	0.0298204301	89.3420086753	4.85422385	0.3719832168	0.6459377228	+-	0.0017816733	0.7145013827	0.6981255996
10454725	2988	89045	0.0199537129	59.6017402945	9.6696971403	0.6387220001	0.6537683712	+-	0.0013531574	0.6427220001	0.6538052744
9164694	2982	160038	0.0360067146	107.336016097	9.7854305108	0.7391730893	0.7495859942	+-	0.0007108671	0.7466175337	0.7496193717
3836413	2988	7881	0.0017660196	5.2751004016	11.4961722199	0.3878202805	0.4252703399	+-	0.0032835922	0.3957647249	0.4333002177
9654476	2994	104719	0.0233720587	69.9525718103	8.4738887419	0.6454239348	0.6586441901	+-	0.0015376346	0.6484239348	0.6586465716
9944907	2991	178674	0.0399580011	119.47442327	7.8136857581	0.7188175431	0.7061841467	+-	0.0011634455	0.7218175431	0.7061872719
5823121	2961	93418	0.0213172139	63.0989530564	10.3399702894	0.6356765634	0.6538359086	+-	0.0015183334	0.6486765634	0.6551912544
9220600	2985	149378	0.033540805	100.085762144	7.0879672653	0.6107135288	0.5965255432	+-	0.0012327709	0.6157135288	0.5965587004
9101279	2976	76923	0.0173766603	51.6955645161	10.2833834989	0.6461461418	0.7013335569	+-	0.0029302482	0.6993630841	0.7037295188
9833806	2994	58764	0.013115439	39.254509018	7.9317547323	0.5715588635	0.5734653093	+-	0.0014804291	0.5735588635	0.5734739075
9706078	2985	11748	0.0026378542	7.8713567839	10.96338175	0.4114848447	0.4950788383	+-	0.0035735296	0.4199404003	0.4999153869
7975824	2994	67127	0.014981963	44.8410153641	9.0355377447	0.5835686714	0.6022575964	+-	0.0018950074	0.5855686714	0.6022638849
10934755	2988	158870	0.0356004982	106.338688086	9.1757764042	0.7366288898	0.7360136509	+-	0.0009507209	0.7406288898	0.736023343
8112324	2988	72132	0.0161637511	48.281124498	9.1809636656	0.6147358944	0.6296560898	+-	0.0020722138	0.6195136722	0.6297139537
4349483	2991	57162	0.012783501	38.222668004	8.5077972325	0.6149946478	0.6128255013	+-	0.0020685199	0.6179946478	0.6128627538
12418319	2976	39333	0.0088851992	26.4334677419	8.7480727745	0.5538917118	0.5857204502	+-	0.0018513755	0.5636139341	0.5875366413
6283224	2991	73685	0.0164786444	49.2711467737	7.0024276523	0.5354172331	0.6303131328	+-	0.0017403509	0.6639672985	0.6381249253
8801343	2958	48744	0.0111455542	32.9574036511	8.0734390449	0.547997702	0.5326445455	+-	0.0015431114	0.5648865909	0.5415087493
11175495	2964	82305	0.0187433133	55.536437247	7.7070695989	0.6224781368	0.6210585441	+-	0.00138482	0.6397892479	0.6225481231
10920314	2991	81210	0.0181615079	54.3029087262	7.6769639088	0.6108799837	0.6028207387	+-	0.0014796252	0.6148799837	0.602838948
3245638	2988	45162	0.0101201592	30.2289156627	8.0504832767	0.5623131823	0.554209123	+-	0.0016280126	0.5663131823	0.5543851462
7023917	2988	94820	0.0212478079	63.4672021419	7.1002951433	0.6048318034	0.629066155	+-	0.0012446203	0.6088318034	0.6290973839
4677321	2976	117998	0.0266553718	79.2997311828	8.5655913713	0.6791071987	0.6805174519	+-	0.0013077859	0.6881071987	0.6807055006
4281068	2985	104385	0.0234382368	69.9396984925	7.6341587502	0.6387664896	0.6415789179	+-	0.0014037703	0.6437664896	0.6416365246
12010534	2946	53099	0.0122404757	36.0482009504	8.0175216725	0.5047577195	0.660624323	+-	0.0028194052	0.6766432278	0.6832162734
6836140	2991	108155	0.0241873894	72.320294216	7.1190180864	0.587992727	0.5717189477	+-	0.0014439535	0.591992727	0.5717304019
