#KID	AvgDeg	CPL	CCavg(full)
7269843	73.030363697	10.8330540959	0.689113451
11703960	64.1122244489	11.544483401	0.7807824419
11460346	21.5637942552	9.9877340678	0.6389193781
9475663	21.1160147108	9.1791654459	0.575538247
5962877	34.8743718593	9.9222102867	0.6216348206
4474193	47.5991983968	15.248577444	0.6932638012
8587792	65.786239145	12.9038586585	0.7261282952
11395117	109.000668003	6.184909752	0.9040576691
11509282	79.1897127589	15.3424463416	0.8278850451
5198934	61.8161150117	5.2602359604	0.7846178194
5685072	58.5492158825	9.1297711649	0.777077759
6791604	54.0420841683	13.0302969356	0.8121365609
9350889	87.4229354731	10.6678066125	0.7086988897
5557368	48.1035404142	12.1927974653	0.6799146511
6843507	70.7867867868	6.6976604521	0.7679988532
2717423	41.3633934536	16.0320257147	0.7792197591
12016304	53.210966232	5.6129733945	0.7726006702
7037319	50.6947227789	15.6566486204	0.8098130495
10877703	72.7594260928	8.8034545173	0.7839482179
11042923	98.4749498998	12.7536780204	0.8023084645
7375612	82.5532198866	16.2396929335	0.7581307612
9097798	61.1503006012	12.3307138535	0.6354410624
5218385	44.5285285285	10.0427481635	0.6833709659
7506164	43.1890447562	15.2909905299	0.7305901921
11303416	48.6806947228	15.4648847049	0.7421424901
10389809	64.5932599266	16.9876379149	0.8208379365
8690104	73.1943887776	10.5702306282	0.8159678512
8382182	26.5199329983	9.9687722009	0.5645696128
9002076	20.6706746827	9.5948731868	0.5606992877
5951553	36.5531062124	10.4768652694	0.6362467848
10229723	58.7508350033	16.3898564223	0.759638213
4904304	92.8824315297	12.675136128	0.7297755372
8977390	97.4129053828	11.8230469675	0.7578478423
10084115	53.7842351369	13.2510383979	0.6732430224
2991403	29.8542293547	10.1093979442	0.5903188916
5201619	61.0614562458	4.5493163602	0.7928575026
7458285	64.5737211635	13.7282372894	0.8021311186
7035139	45.9679358717	17.1753301716	0.7209475348
10809970	59.3266533066	12.2882359948	0.7406050696
8452840	19.3232931727	10.802924784	0.5893732367
11341950	45.4914914915	12.7089833467	0.7990926751
8872737	66.6439545758	10.6237382818	0.6749613583
9649493	49.0941883768	13.9054805715	0.7364967152
4458989	48.1863727455	11.9879867986	0.7328822164
6050116	81.7077077077	10.9303820021	0.7185403
11244501	36.3370036703	11.6858511241	0.7156559188
6044543	42.2875292544	10.3060019012	0.7383326692
11496078	53.045045045	14.5156752235	0.7357054597
8330092	32.7181028724	12.3943061122	0.646465259
10711938	32.708750835	17.241687919	0.7253224521
9145707	63.3233233233	12.429592206	0.7770413781
11408810	30.4908057506	11.7578447524	0.5989075205
7584739	60.8582914573	17.7090953945	0.7765062088
7516345	51.0133600534	14.4136847156	0.8194494542
6350020	21.9132465799	9.7352619083	0.5867857879
7709086	63.464261857	16.5653829088	0.7809926305
11498689	52.4537871205	13.3480862431	0.8289505014
11717798	62.1783567134	12.4893984724	0.6789036947
5480282	19.8029392118	10.286712096	0.598231347
4819564	30.492143096	9.9324792167	0.6306058182
4843222	42.8884435538	11.2887332654	0.712694404
9389122	71.3026052104	11.028393206	0.7033796919
8242493	51.3333333333	14.4415089643	0.8059198545
4563150	73.5568902236	11.733625589	0.7585504646
3437800	32.3099532398	11.6410756876	0.6712312185
8823666	90.971638305	8.6409462739	0.8041206284
7889628	27.411489646	11.3292608912	0.676311738
6390205	40.2899131597	10.1969005202	0.784040354
7676610	25.6579651941	10.6299642869	0.6481426221
7950962	47.8174523571	13.1652689205	0.7468569078
9414905	59.6439545758	8.7210749457	0.7263030415
10267044	88.8690714763	11.3950639932	0.7375474451
12104285	75.7977977978	10.8613167348	0.6967741267
9592145	80.6906906907	22.4019336808	0.7989871555
9114111	19.7034068136	10.9568686319	0.6087750349
11404758	58.0714047381	14.2895006466	0.7752381177
6368316	50.1402805611	15.1096639833	0.639079166
7657914	49.9138276553	12.4484347619	0.7825440907
7685693	22.1035404142	10.1988669059	0.6033894451
4074532	65.8670674683	12.2861221217	0.7314324939
9402649	20.1775108442	9.4700057968	0.5638477722
8715667	85.1910487642	12.81287948	0.7443700672
8265951	80.755511022	14.7524146605	0.7966939423
9026766	73.4094094094	8.6461296679	0.8215868214
11910076	50.3947895792	9.2433504989	0.6602100425
9995660	51.5475475475	12.7111250463	0.7509244336
7518816	40.0574482298	12.5733191452	0.7264038264
4950505	48.3416750083	10.4273523387	0.6774360853
5820209	46.1109996657	16.0417790956	0.7827436019
10292413	77.6987307949	10.7542640321	0.8448827857
2694741	56.002669336	18.3938938048	0.8193187979
9030817	24.8551307847	13.3948965502	0.6622601614
11494583	61.002335669	10.1912590583	0.6803717197
11144556	60.0227348713	11.8294979521	0.6839991605
6309193	11.3233233233	10.0521595965	0.4852351537
8548416	35.8324958124	11.1545101061	0.6561747771
9947924	76.6098864395	11.4077626178	0.7447312974
6504095	29.9064796259	12.2834169652	0.698581249
10226388	66.0394516884	14.4572831175	0.740551205
5440746	40.2404809619	11.5157749113	0.6893840317
7199353	61.4974974975	16.2597423402	0.804407192
10032935	77.629258517	8.0994186326	0.7398686741
9722737	70.4235136941	14.6283817703	0.7511413662
6118779	54.3670337004	19.1930349349	0.7272641536
11303526	71.9852892009	12.4777828615	0.7160486475
5961327	54.8775442109	12.7803560171	0.7743742659
4273411	40.2543507363	14.6370107806	0.7361690701
11084782	55.8557114228	16.2933212637	0.8280818618
9466316	28.7047047047	14.634988665	0.6629976125
5371109	48.3159303882	13.8438363804	0.7784908635
10724533	59.3486973948	20.0163849474	0.8008799416
9030509	43.0661322645	11.7684124063	0.7029690165
11559864	52.4856379426	14.8037319194	0.7800222532
3104113	68.8065595716	14.4951592616	0.7390034481
7879404	25.6907147629	13.0946394822	0.6640536669
5978521	51.4535738143	12.6165196779	0.7210485476
11083888	35.5822489156	11.2766124325	0.7047520655
4141155	52.5518852186	8.5065930973	0.654907453
9094335	33.0668002672	11.3324583023	0.6422293831
5296877	87.1091091091	2.9894537347	0.8396816316
4762887	50.3002340354	10.5111071397	0.7368048917
7304911	33.1503006012	10.8733254269	0.7415241051
8555573	53.1698365032	10.6347576316	0.7957531169
1873918	53.7250583917	12.793637578	0.7543748354
8539720	77.5667001003	9.409745597	0.76351157
3732732	69.0354041416	13.0028645056	0.7124005157
10801703	31.7684351018	10.5884749339	0.6940727524
9642041	80.1563126253	22.3045339736	0.8412885141
6057829	25.8323313293	10.2843083905	0.6949577505
6209824	37.2897822446	9.8302967079	0.6125024407
4451148	52.4749498998	10.3083333564	0.8065071172
10275197	91.1770207081	10.5875251291	0.771505842
2715417	39.3747080414	13.1660739019	0.6949740625
5563814	38.5003340013	10.5594281929	0.6651780696
4350454	46.7502507523	13.7552085189	0.8026929615
8190491	40.3062520896	13.1182585026	0.779838991
10485137	57.0440881764	12.0713280912	0.7488096156
3833859	62.6553106212	13.7711157855	0.7470526219
2012362	39.6646626587	10.5460297008	0.6571001752
11295347	61.2490805751	12.4653244644	0.771503262
9071104	50.3146292585	11.6072257346	0.6573931381
9639491	40.5257181029	10.0506219363	0.672782282
3958488	51.1816967268	14.0099284345	0.7738731443
5620981	64.8308308308	13.3446689339	0.8106138868
11924311	52.7815631263	21.7773468215	0.8339704389
9108579	45.2651287195	11.6098081039	0.7224398708
3454864	31.910487642	9.6482619542	0.6244764592
11447953	45.4244556114	15.2714525995	0.7361264308
11672319	26.0093520374	9.7686151928	0.5881304807
7217866	66.4718051385	12.2427039387	0.7790784059
7877062	69.3687374749	11.8100604339	0.6917682642
2854752	46.4188376754	13.854262236	0.8145094233
9410906	27.1918585252	9.8601853733	0.5580924758
6966265	69.1311311311	11.6398973471	0.7856768017
3232823	27.8496993988	10.3686393839	0.6600180608
10854621	64.021354688	23.2751325256	0.7583157674
4669592	88.6633266533	11.1482945191	0.6985886233
4464999	107.581830327	14.6182214381	0.7993075115
5535061	84.1589846359	8.377510224	0.8123329991
8804824	54.7020708083	9.8638780579	0.7997410754
10797126	39.9699398798	15.0881736635	0.7845800966
2302092	42.4150817484	13.5949534798	0.7693177189
8682849	56.5624582498	13.5052046624	0.7589514963
10389982	52.0721442886	8.8693412621	0.8055204603
3745184	45.011678345	14.8389167066	0.7524259476
8982514	69.1810287241	18.6441932968	0.8111741813
7839027	51.6141758609	11.9090613754	0.8343168366
9032671	15.8430193721	9.7618312775	0.5440294539
10880490	52.4201736807	11.0599605711	0.6879568195
8004839	21.9044756179	10.9941334721	0.6175834997
7130044	59.7080828323	11.2474823455	0.7153221003
2017803	43.4914914915	12.1704911769	0.6777887633
10528299	86.3600534402	14.3569700378	0.6932428635
8177958	17.9135678392	9.5320042637	0.5189325528
9345838	58.1618187897	16.2180606326	0.8227731103
10255110	57.1576486306	12.0893209859	0.678305721
2715007	50.024024024	12.0946293032	0.7376066521
4249218	55.4462257849	10.8567335337	0.6541789349
5282464	56.4716098864	11.2220271235	0.8124789556
8579707	79.5767301906	13.6987800286	0.7268913098
9838047	43.1796927188	11.3046703576	0.7461260024
11819520	14.3950617284	9.4133360045	0.5026447251
9519590	32.2945891784	12.578325819	0.7142462056
7282128	41.9986639947	12.553771645	0.7761689388
10357852	24.8764195057	10.5759017699	0.630854751
10916675	92.7247828991	13.803519468	0.8010207441
10355671	13.1376085504	11.2680947145	0.5258807589
2851474	30.8112124282	10.7631911664	0.6645835186
5439790	75.3814777666	5.1999496597	0.7946025578
6677225	105.265197061	11.5202526995	0.7270219205
5459373	53.1351351351	12.835867741	0.7513357298
9110213	67.2092092092	12.0446741832	0.7751148245
3839964	58.5337341349	10.0135568857	0.7005690568
9957411	43.2551770207	19.6949121035	0.7327664355
9392682	73.3794717486	12.3987975247	0.8203712022
3342425	42.7461589846	10.2029440568	0.6783146102
7610486	42.6072144289	18.7715173696	0.7079882675
10395202	53.5942609276	9.635406703	0.7767307963
10965091	54.6239572906	11.8339630734	0.8000516253
2835289	46.7348712805	12.2064613802	0.7065703165
11704155	72.8221554888	12.4436656817	0.7185669048
7660607	30.4165824065	11.6777003219	0.6519465859
7744173	65.0617283951	14.467810321	0.8202951936
5984000	73.1931931932	12.0741911638	0.7918884794
10586874	83.6372745491	9.5912525109	0.7226455175
10557008	59.5642308976	14.4198619736	0.7750884967
11255667	26.3630892678	10.2096209581	0.6231195507
5699617	54.8395061728	10.1676165454	0.7821546681
11495781	81.6559786239	12.4882247702	0.7323777232
5733384	104.485762144	14.2781840391	0.7353378751
9994475	71.6623289957	11.9854246043	0.7893482806
5450322	37.3233132933	10.54119775	0.6340680656
8703528	79.5488822155	8.4261917648	0.8364259517
11604958	67.5428762095	13.6755996756	0.7889264878
8431389	60.4330997664	10.1320043711	0.7788445269
3731292	98.2455789122	12.8635918648	0.7060596678
8904448	45.3694416583	14.1977224121	0.8380036275
7339123	40.130260521	13.2900916232	0.7467500115
9228778	84.9132328308	14.8172435353	0.7857467373
5651175	32.9016064257	10.8981636483	0.6984554968
4999357	79.9177532598	5.08012664	0.8079735849
10794878	31.6072144289	10.5736103011	0.7350524869
5770431	65.9311957248	11.6546415882	0.7555398123
8696274	81.130260521	18.6563082274	0.8082654806
3448245	42.4649298597	10.7278249206	0.7886845663
5374883	59.0988643955	13.1369817848	0.6932845288
11502581	67.8865532199	11.651124618	0.7847170188
8496820	74.991658325	11.660152123	0.8142477839
10847118	67.7123790457	11.6176249197	0.7412231509
9956124	20.2925851703	10.6559752255	0.5949618791
11920266	28.4963259853	11.3370759652	0.6688555345
9245929	44.004671338	12.5460997421	0.7651598712
5110245	30.3256435975	14.3987724248	0.6758992711
7878402	68.0787454121	9.7740316983	0.7984412293
6431545	42.3490156823	13.8213474185	0.7538493459
9272276	107.950617284	10.9702121802	0.7364837144
9840412	80.8969210174	14.9632256008	0.7830580837
3853259	56.1941941942	11.2563717922	0.7652606809
11295026	64.1529726119	15.1706968997	0.7476326956
12055014	92.3627254509	9.7063594542	0.7172828215
4941060	75.1104437771	15.0115629984	0.8269610652
4569923	41.5003340013	12.6401369249	0.6716097595
8053107	75.0207080828	14.1970244639	0.7032413821
9786798	82.1428094761	8.0922137615	0.837108639
9882280	102.409075742	16.1541069984	0.8026420618
7830460	60.7676767677	11.6312340452	0.8171188706
11769739	21.965965966	9.8586510951	0.602347803
4672934	43.374749499	12.26921785	0.7036020242
7835348	60.6318956871	11.6016160078	0.6823106854
2831632	33.186827957	9.7553800764	0.6798740828
7698650	74.8557114228	13.0984926342	0.7716057355
9637239	74.2942159813	12.3799894171	0.7733735174
11405559	64.3293253173	12.0257638769	0.6960126232
9268105	91.7381429526	17.9667760162	0.7495114617
3956545	62.5998663995	11.1891353091	0.7179495569
2437038	62.998331665	10.8261264025	0.655941119
8539850	72.9458917836	12.6455471625	0.8013325396
4921906	32.6292959626	12.995346022	0.6818738908
4244929	51.2024048096	16.7696834299	0.7347820856
3431321	45.3600802407	19.5077445989	0.7601652283
6803335	62.0923694779	12.9873705574	0.6767322974
9290838	52.4776219105	11.5356651212	0.7034315491
12066630	59.0738883317	12.2759397985	0.7967358396
4999260	64.2168835502	10.8097127612	0.8005334408
8554005	84.2698730795	10.5488637609	0.8492999658
6671698	63.1476285905	12.730061884	0.7752884333
11402381	107.645290581	6.3998553084	0.7828875864
4909422	77.9372077488	13.0781035232	0.7389240558
10723143	64.9309309309	15.8364593402	0.741391435
11410485	36.0534402138	15.1641035381	0.7258354141
7272739	59.6162829496	16.4206966884	0.7684505546
6024572	75.3293253173	12.7584957435	0.7209805215
8035743	9.2609715243	9.6237133006	0.4430558656
7821450	47.7003670337	12.4208048818	0.7818302316
10727655	76.1968635302	10.9126326063	0.799186442
5567438	67.5978623914	13.0986481632	0.7343705576
5022573	69.9445557782	10.7521518676	0.7712089551
6223646	57.5711422846	12.3358150882	0.7447750172
8122124	90.6773440107	11.1501087198	0.7127897871
7542091	75.047714381	9.0496331705	0.7894822716
9181877	17.5217100868	10.39557411	0.6137815991
5703230	59.2905382815	11.511190874	0.6519582902
9345163	65.6102769436	10.2550755019	0.7967287791
8111387	67.7389558233	12.8305133801	0.7034238683
2159783	59.0737404071	15.7542561611	0.782857582
4138301	23.4347681014	10.5456025095	0.6514999972
4752731	35.3688085676	11.1767698459	0.607075668
4937217	73.7635270541	12.8845613983	0.7929988754
3832382	47.5902569236	14.3304750409	0.7699714741
11190836	34.458249833	10.1379238975	0.6870639933
7269797	62.8548548549	11.7219829741	0.7274526275
6447430	49.6151271754	20.0585104519	0.8201921848
9453192	65.5446339017	12.0549426981	0.7860569628
3953981	46.9098196393	10.361461809	0.7117860816
3756730	28.5237140949	10.373818158	0.6638923898
7973882	10.6205744823	10.4347709467	0.5102971865
4937350	48.8837675351	12.0123605859	0.7327453337
9283826	66.8835502169	18.5106638613	0.7625027665
9020289	53.9478957916	7.7986350949	0.763298586
9991887	42.3273213093	12.8114506537	0.6747226496
8652599	48.4	11.2220174474	0.8111459169
5369419	52.3927855711	10.7745869923	0.7047879975
6061139	57.1838505172	17.474559893	0.7695076378
9179806	36.9639278557	14.9519692443	0.7352115349
9388304	33.6389723056	11.1577709533	0.7295588024
7816201	65.2424849699	12.6564631619	0.7688820159
11091082	76.5932599266	10.0338210893	0.8575420868
8108785	47.2492492492	12.4716877379	0.773266905
9470175	77.971971972	12.6661508663	0.821853258
10796477	51.8321631561	10.81524239	0.7225253507
5005570	21.8550434202	11.1735655341	0.6178943523
4991959	67.2746079413	15.8218957307	0.7968074099
8309175	53.2412412412	13.6952922015	0.7111536248
9353234	38.0737018425	15.4318121931	0.7246437693
6281103	79.1756847027	12.4971260398	0.6828457036
7362751	13.8363393454	9.2391285339	0.5142596115
7871200	71.6596596597	8.2908485036	0.7937929341
11305087	72.977644311	15.0694720379	0.7618178525
10154189	88.6973947896	13.9834281084	0.7806097045
12305537	58.7727727728	6.2504536391	0.7792863246
11342032	28.5041792043	17.7687456707	0.6831410547
3969362	40.7147628591	12.7940491933	0.7435153465
8545456	48.2942942943	11.5155176831	0.7497238101
9934052	20.4943219773	12.3926655259	0.626234608
10322582	57.3199866533	12.3304891602	0.7662603451
1572353	44.4738071405	10.3194200967	0.662067002
6871716	21.2866199533	9.9074370306	0.6049607675
5123176	83.4429956536	12.2295885801	0.7575329122
5095098	52.5761234071	9.3551274058	0.6692415952
9365025	46.9759036145	10.2250060303	0.679497928
3127873	51.1434302909	19.3822903268	0.7777421659
8685306	31.8836509529	11.5711312802	0.7348936782
3848042	47.8102872411	11.1346602647	0.6752860556
7367833	42.9098196393	12.4998986256	0.7468764229
12458133	80.8530394122	10.9875213704	0.7247705803
3837677	59.5945223781	10.0150858609	0.6418502264
10447902	62.5845845846	6.92739072	0.7631258423
6424124	67.6950283617	9.2477711066	0.8072698309
4074708	55.3146479813	13.7114431594	0.7661464457
4661397	48.8808808809	11.6790174461	0.7628158804
8241252	69.6509843177	11.6861396747	0.8032404882
12071741	26.8176352705	10.767087005	0.6682549212
5790912	67.7677677678	14.5161985366	0.7884159203
7597095	74.6626586506	11.7987693296	0.7107326292
11127048	42.2471609886	14.8192124074	0.7185727223
4743626	54.5460636516	11.4497521702	0.7549030301
9205351	24.5751503006	10.5406795599	0.5779546261
3120742	21.6062729396	10.700385569	0.6149437025
8800998	14.8284854564	9.5670236167	0.5015445379
11084647	35.2885771543	18.1274798081	0.7703234809
11153627	34.7007348029	13.3459934155	0.7434614603
5881838	55.501002004	12.1099081984	0.7603531951
10395609	56.9051436206	11.9512196149	0.6723583901
7977261	49.0170511535	13.4766807211	0.8328800225
9508052	53.6509843177	11.4452464639	0.6852187668
8257903	111.63624206	3.0677756494	0.8053152237
11246163	84.2876209543	15.6603331983	0.811887193
8143757	74.990323657	12.1616832133	0.8100756982
6370361	98.8149632599	14.656832444	0.7711355016
10680475	65.7074148297	11.2171550902	0.6996433937
7387296	70.3225806452	13.7902375255	0.7346499954
6529902	14.2248915582	9.2388733779	0.514494396
4385109	38.6866866867	11.5010832309	0.7210656236
5015926	74.2197728791	12.0680144547	0.7512132094
6471048	45.3406740073	12.5535884723	0.7809143303
5353374	94.1175684703	20.8601290324	0.7784402458
6964796	54.4729458918	11.1468837658	0.6938055726
6861400	94.9342676009	11.1482854065	0.7840323369
9274472	38.5098431765	16.5545570989	0.7517471216
5468295	67.8985652319	15.3178576126	0.8156090557
7119876	62.3563563564	11.0241837605	0.7520883258
4940226	48.7667667668	11.9493103959	0.7393049056
11444780	70.5285285285	16.9971416845	0.7983321226
10259530	58.248496994	10.8337769005	0.8227543509
11716688	21.2905811623	10.2332513909	0.6093140985
5128972	34.6666666667	9.9588238938	0.7074377336
7173910	61.8812145479	11.967455361	0.7869216773
12267718	104.468937876	12.5109065179	0.761720382
11013608	47.8778778779	12.1863282512	0.7154853512
7881722	31.7358742895	11.3387420157	0.5862572427
7512381	65.3193193193	14.7436898501	0.8073606024
5955731	43.3279839519	8.7632210235	0.771101244
2141697	65.8818818819	18.8574964278	0.808501453
12019674	48.6593186373	11.4755401134	0.6935440046
10119517	36.7362086259	9.4130513231	0.6874205458
5809868	55.8824315297	11.2736971818	0.7808793159
5283839	70.9369369369	10.1938959207	0.7409312598
2858322	54.0260521042	10.0240403561	0.6650466982
5376552	85.1730126921	14.3199379268	0.8344850632
4853067	38.7838018742	11.6396511981	0.7142609375
9612468	16.5085085085	10.0720619771	0.549454049
7339345	80.5218551885	6.8104002642	0.804236223
5426665	46.4057390724	11.2284182267	0.7368312953
8145477	37.8663994656	12.0773485956	0.7474099387
9451598	46.2992651971	12.1183020181	0.7395856435
3936357	72.5805805806	13.4409897927	0.8269538692
12689656	23.2041499331	12.1460423322	0.6674427794
5310387	87.6973947896	8.5824859324	0.7766151586
6128248	50.988321655	11.7050827263	0.764788533
11442348	68.8555221889	12.7780479867	0.7897063728
7118656	50.3259853039	11.3672603285	0.6840171314
9700154	51.6129462796	12.2759984845	0.7373738122
6689368	69.6448911223	9.1283898661	0.8389922399
11036301	63.3333333333	14.1241975304	0.7088539268
11338865	44.2179872952	11.824067856	0.7696307825
3221207	71.4101536406	13.2876670791	0.7566497853
7259917	35.1910487642	10.72465132	0.7224387966
9087918	72.4676018704	12.0853219535	0.7422376654
11198068	36.1022044088	13.1868671696	0.7522110459
7697065	26.0967634301	10.9566083874	0.6760088754
4071600	52.2921273032	15.8320408531	0.7599548402
10818544	52.3102177554	11.89282035	0.731077418
5770860	66.1148964596	6.950588562	0.7970558633
7501230	76.4863059452	11.8943717633	0.7992868087
5283266	62.3249916583	10.6654975099	0.8106025428
9237755	38.5892559226	11.1440528108	0.7251557927
6615041	59.5090180361	3.394410534	0.7761564319
10007533	55.7077900368	12.1288393815	0.7927975661
7457163	61.5125376128	12.0039207455	0.7615881006
2854432	36.3092852371	13.7378675167	0.6840508577
8563964	82.751503006	13.4683693087	0.6748409532
3456318	15.3874415498	10.2766459917	0.5415314841
8039225	67.6317907445	9.588326933	0.8136242284
6838978	69.1929120695	10.2017316017	0.8380306469
9051723	26.4148296593	9.3430814984	0.5638163267
11566174	48.4704704705	11.9692354453	0.7591759678
5802834	46.7262382865	14.4008581383	0.8268506951
11151970	38.2144288577	12.3155918816	0.6575612295
8192840	68.0948563794	10.6306473794	0.7947343314
7766185	97.3928452023	10.9634522259	0.808033758
7013934	47.5718102872	13.5586045161	0.8277556716
7620664	55.9993313273	9.8950718536	0.6653287745
10128961	62.5323981296	12.4769328415	0.7037091106
11805235	102.3003003	3.6064663328	0.821028493
12418274	14.4923179693	10.8847830742	0.5802551737
11245381	80.1768435102	11.4298163175	0.83088034
2717141	79.7915831663	10.4579670202	0.7714752657
8263940	62.291249165	11.4408216453	0.7247389874
7118621	67.3072812291	11.9280906905	0.7349658143
4945857	64.8294961628	18.8841819596	0.7791246121
6467389	44.7007348029	21.2405611352	0.7269119291
5478466	64.5464261857	13.3195889898	0.7562806763
8957887	81.2017368069	12.6728583234	0.7992218581
9071373	41.1315965264	12.0586928826	0.6742496182
11137143	48.8241574908	3.8381919139	0.7334346429
6370665	64.4667335339	12.3435235203	0.8331659731
5425950	56.4651317985	13.411097732	0.7918276288
10618253	58.584502338	10.933124011	0.7327922533
7511980	23.6202869536	10.8768417173	0.6813030712
2444187	96.8543754175	15.8282467357	0.7359883164
9995981	42.1162324649	11.7331581217	0.6768991505
6521123	33.9345357381	14.3863443896	0.7545517737
8311255	53.9812771648	10.8626076411	0.7929545622
8394040	58.1883767535	10.837097386	0.7042259375
5259926	42.997995992	10.0955954385	0.718739063
10322296	46.3774215097	12.4235311414	0.7011774848
2305277	22.3734134937	9.7127697285	0.5869521216
6148704	20.0440881764	9.4683010134	0.5374851287
6106771	56.9155822489	12.962664553	0.7629864946
11154110	44.7509194249	11.5446257181	0.7419925374
8190613	49.1135604542	15.8722290774	0.7290490305
5307780	49.4168336673	13.6424303516	0.7183000765
11612091	92.6486305945	13.1715845699	0.8118751529
#SD Begins
10616829	58.128101945	9.1785735269	0.6211426
7031714	11.0626465662	9.595650895	0.4565335249
6353203	44.3985289201	10.0759764311	0.6091241071
12785282	42.2991967871	7.7179943657	0.5533605122
9644680	91.7673019057	7.742742354	0.70353379
10275747	99.5424181697	6.0935930122	0.7300238551
3557341	4.8588588589	11.7277949931	0.391628616
10363300	31.9792294807	7.5389265551	0.5769136504
4358206	31.4387378315	8.5612067098	0.589204265
4169521	112.574782025	7.4631756457	0.6443946325
5774375	77.7983870968	10.6171861728	0.6853235066
7258889	50.5145728643	8.1898431867	0.6077010658
10858720	156.56281407	7.3168043881	0.6980306977
10743597	102.223993926	13.6840815336	0.6507646451
11076176	43.0870147256	9.7307676625	0.6119903272
11347875	112.927714971	11.8424208752	0.7624542584
9419603	97.4076305221	7.1568406644	0.6521412856
3218683	54.8212851406	7.970465864	0.6246139733
2165352	47.9001862197	11.4745867123	0.5013299403
5215999	49.9297534617	8.4695521509	0.6487480274
11904038	31.4591700134	10.4188445474	0.5868528377
2695740	80.7622923025	7.9501815983	0.703422269
9021397	44.4272818455	8.5059610867	0.5994927029
5077994	49.2658650635	5.044508215	0.6890591758
6865626	76.8366800535	7.1955005838	0.6156543817
11404698	79.2878179384	13.6750455516	0.6815562581
3954211	67.6536275493	8.3465198611	0.6003458725
10661783	57.8464118042	7.5442720601	0.5739901761
6692340	22.249665328	9.0278323717	0.6062915949
10216186	87.925777332	9.412226508	0.7098529105
9098590	22.9993252362	8.6766828359	0.5662518385
8868650	72.7272727273	7.55674057	0.6617503771
10905804	89.2991967871	7.3062791381	0.6851547617
9083523	99.6180904523	9.4665133254	0.7337172039
6432059	42.4820409533	10.5500676165	0.5744358221
9402652	180.670686767	7.5449617925	0.7284090367
11017077	90.2844712182	9.2887056432	0.6995718974
2577756	36.1775544389	8.2508879068	0.6106390711
12268220	31.1772324472	8.3618871916	0.5646005628
5218441	8.6532528504	9.9011554007	0.3938234421
3557421	87.7020708083	7.4664645182	0.6541710289
3743834	97.16499666	7.515487152	0.680705559
5809827	105.564721663	7.5722373188	0.6361488349
5120793	37.1436205745	9.5735796875	0.4927425098
8953296	101.514725569	8.3897103371	0.7043006169
3832716	50.5117370892	8.2211731556	0.6035107741
8242681	33.1823770492	8.4389486791	0.5756504279
7584826	56.8623914496	6.9058174896	0.7182962213
8893936	108.612244898	7.1100954659	0.6785633836
8234477	54.7551020408	7.4071036731	0.6136925397
6606653	46.7024653833	7.789651643	0.5797339183
5471619	81.4881072027	7.3915256755	0.6582668539
9237149	11.9050484788	9.0767057043	0.4581991203
8112013	40.9128826102	8.1819814024	0.5796637661
3730067	88.4362057448	7.952260579	0.7043986845
3339563	33.3273031826	8.1937933802	0.6132128542
12157987	98.7709796055	7.5239776793	0.7147873385
8081389	69.4193548387	7.1651490919	0.63166313
8113154	21.0734802939	8.1214864373	0.4612683812
9541127	95.0240480962	6.659915155	0.7342042285
7506446	89.5350701403	7.9548709712	0.7134597672
10090151	16.3831494483	9.3638071431	0.4950090994
11652545	71.80073554	11.4014136599	0.6612765334
7690843	44.3269681742	7.3856370624	0.5985335856
3228863	80.046184739	7.1692046458	0.6175610427
7740302	75.0402414487	7.5091636636	0.6453070839
8242350	22.2757916241	10.9741837549	0.5272941509
4647652	104.140033501	7.4152296005	0.7178265704
9142964	99.9351387496	8.9646199533	0.7063194273
8285349	82.0763052209	7.9574625087	0.6759807965
7431703	88.4974924774	7.9156772618	0.7135404069
9489411	105.197110423	11.4988824869	0.7563015731
8155368	30.2744310576	9.1971899976	0.5913829606
12218858	35.4984954865	10.3071618234	0.616669266
7836330	23.1343383585	8.8953326648	0.5855233322
12554536	98.3386773547	3.2247320155	0.8337663679
3347485	76.4030365769	9.3335550234	0.7311500771
9392702	22.8087431694	11.8876402639	0.6998594259
12257908	167.648448043	7.2447111343	0.7160085418
8913061	93.6265060241	6.6932753667	0.666486879
5785586	63.8716148445	8.4344847294	0.6178076547
8737796	40.4549413735	7.3931216023	0.4969802518
8218274	45.5177733065	7.6396944842	0.5728591515
11560447	73.4088933467	6.8666241949	0.646496352
3954798	100.16080402	7.6677053411	0.7034709369
4574310	97.9194360524	7.0185542611	0.6527862626
8608310	61.8941373534	6.9079942404	0.6332009474
7938870	82.8177866934	8.4961409814	0.6609564439
7177892	46.909701242	7.6064222757	0.562980539
10937609	78	7.9407048386	0.6245215604
6669809	104.929718876	7.2586342722	0.6894355907
4455763	21.3654618474	10.6974816423	0.518307582
10924462	88.7849031396	9.1624532027	0.6963438492
8509469	14.9452836522	9.3735338046	0.4568599651
8262223	94.623655914	7.0207054383	0.6425909481
5374999	85.5161828495	5.0116170372	0.7077289377
5088735	6.5384101536	10.571278631	0.3917295054
9151972	112.775442109	3.4426011523	0.7221055308
11230837	58.0628552324	8.3982722393	0.6262553305
5792093	74.7983951856	8.0165571357	0.6698537655
5211385	109.036962366	8.3026596697	0.7234254154
7433513	31.5359411568	7.1049474569	0.6433056841
9602542	115.731453508	7.3049934107	0.6508480746
10861842	73.7699765965	7.8399620248	0.6816626981
11616594	108.17540107	8.2219951209	0.7263260347
9788457	86.6197654941	9.0814177775	0.6679620975
7938468	139.238287833	5.1882700188	0.7823386378
9118340	6.5703778001	10.3785593087	0.3941475966
8240109	83.4939271255	8.9231544813	0.6931896197
9657096	110.503703704	7.3854930427	0.6452102154
8074045	55.9518555667	8.0746920066	0.6256795684
6962901	110.671615412	8.8724530075	0.614028404
4947528	69.5018388499	7.3131233492	0.6048106979
9356753	111.226559893	5.5181111469	0.7588699846
9472174	183.970607882	7.3280504123	0.7477504521
3558822	95.565626049	7.4079297452	0.685905735
11097678	111.62479062	7.1283684763	0.6588848103
8248812	91.9129852744	7.0476475523	0.6247586037
3735597	51.3865319865	7.9125499976	0.6008428664
7532973	42.1954836535	7.672294722	0.5599778016
4949770	97.4052419355	8.1506277171	0.7086989493
6852488	57.5488010807	8.2674195408	0.6322489964
11724091	26.3508064516	8.7222334036	0.55079013
10547209	92.5600539811	9.1518907742	0.7046643875
9711267	8.6102719033	10.3017256181	0.4165683048
6302051	70.4176706827	7.7507453417	0.6472430502
9091810	89.3420086753	4.85422385	0.7145013827
10454725	59.6017402945	9.6696971403	0.6427220001
9164694	107.336016097	9.7854305108	0.7466175337
3836413	5.2751004016	11.4961722199	0.3957647249
9654476	69.9525718103	8.4738887419	0.6484239348
9944907	119.47442327	7.8136857581	0.7218175431
5823121	63.0989530564	10.3399702894	0.6486765634
9220600	100.085762144	7.0879672653	0.6157135288
9101279	51.6955645161	10.2833834989	0.6993630841
9833806	39.254509018	7.9317547323	0.5735588635
9706078	7.8713567839	10.96338175	0.4199404003
7975824	44.8410153641	9.0355377447	0.5855686714
10934755	106.338688086	9.1757764042	0.7406288898
8112324	48.281124498	9.1809636656	0.6195136722
4349483	38.222668004	8.5077972325	0.6179946478
12418319	26.4334677419	8.7480727745	0.5636139341
6283224	49.2711467737	7.0024276523	0.6639672985
8801343	32.9574036511	8.0734390449	0.5648865909
11175495	55.536437247	7.7070695989	0.6397892479
10920314	54.3029087262	7.6769639088	0.6148799837
3245638	30.2289156627	8.0504832767	0.5663131823
7023917	63.4672021419	7.1002951433	0.6088318034
4677321	79.2997311828	8.5655913713	0.6881071987
4281068	69.9396984925	7.6341587502	0.6437664896
12010534	36.0482009504	8.0175216725	0.6766432278
6836140	72.320294216	7.1190180864	0.591992727
